18526090
27421074
2785468
28425895
17648683
14201969
32461389
70444901
66849507
69648904
58132926
24942816
92782722
26979034
18503796
94291183
6874180
58132926
66849507
67330730
95543198
21742003
91892554
27137313
72449981
27348970
21649203
69547723
92700001
58346225
66862539
91596480
63058818
65594079
23090317
2087029
92437543
76854134
92345313
4039048
77275298
43596947
27333622
67519205
19612173
17182037
94034314
65327127
67755436
93075157
92886319
92660505
92674849
67440079
13784786
67440079
13784786
92371539
95127273
92871687
26232805
1926859
69677262
21584102
18149081
4223460
24739577
90970265
94704508
27469490
92755406
76992280
80616249
20926167
77453012
94296766
93108642
92886319
44389259
2860426
4663518
91596631
15095024
72468264
93185187
95519872
4663518
6429674
23218522
5528732
21035069
6145588
96108400
93915251
90566222
70429659
95274072
17647597
2873341
82686693
69231115
65693086
2006080
83535159
5391970
93932535
19290716
8844957
95248443
93646843
5453516
91678383
65697224
65697224
18615887
93473032
2481838
70142460
90891640
90558249
59024097
21303576
90436897
9964442
4678407
92130955
6061638
22798132
93365670
22912244
96092064
92421259
19291562
78053468
56526011
92705696
63168657
4271630
92752742
66837305
500102
81001855
69698308
67056533
58935140
92020785
90003115
17190553
76847859
23293832
79175593
80613394
94306392
96252662
32333630
93708987
18146141
24965796
69638427
69788171
18313424
8829378
76755021
6027383
21581965
6029622
79415683
72348890
22875914
22360572
22360572
24611776
20942012
91988160
5618484
90273331
67834519
77589258
92615768
92138463
94628705
75098357
95137467
65680538
92985614
5334649
14753184
93441313
515445
66143407
92715675
32579131
93389432
3456277
14154779
24496715
91649916
21411786
92617912
93641597
92353380
92219433
76847859
45314401
23631327
22161984
22729936
19639132
4117270
90404322
22436688
92109605
92750424
67922962
13864416
77312537
21088568
22574666
13745584
24313382
69155332
513329
19210686
21663488
2317615
92823344
27311183
92917651
56777730
65996457
66870530
21903191
510377
510875
510320
20842827
76842636
92273091
93616838
4719450
19371686
80613394
66060933
21998562
93460508
2001757
17677116
94306392
5493867
59431302
90404278
90984758
77224197
17988301
93771920
6232395
92466433
27275925
37770315
21564619
19333734
1921108
17019659
511875
67854895
91984991
5279332
93659299
10338660
59385328
66641167
5667533
8291516
20843410
69719009
24780098
92238179
22439161
76843079
94269242
91594844
95048706
69553244
5676768
23685200
92756114
69242144
69195791
11549988
90330885
91594844
93191170
95951445
19003197
17444223
92898596
58433741
563199
32880179
20774912
69229242
3379543
93237663
18477946
67899512
537543
2079781
69248637
82240466
69490094
75626805
4725517
68177167
18477946
73030108
93036348
93529944
83486607
92698837
21667001
22604748
13659940
67069243
4065172
21964771
4498412
92513937
73396806
95105971
93916679
37482260
90356924
96041458
79433708
90428604
91954198
73620037
73419384
536380
57246001
58602619
93919442
95022939
93242539
90893582
76846314
2613688
93762031
13835321
93533486
4110375
76874377
79598947
4728636
68242980
73591844
95534652
27006959
95951443
69195791
2692024
44371536
22006958
75691853
32457533
90330885
79627457
32343763
8039244
69166541
17667878
4676186
20623457
22732036
6334766
2721709
80993696
69492619
19701135
77339214
17894975
57873035
23644618
19586613
92998421
38851679
66250176
32501719
74597131
92040020
24063758
56985236
18592876
18973892
66834700
19790877
96294908
96078460
73425814
96066137
24063758
77343125
13786811
79433626
90339417
520094
72345333
24987365
6599935
95957146
519925
23076961
48072835
92519527
23296329
21835053
16001093
518037
20840498
58032122
91982329
95212691
23461615
91009319
73565949
21007651
92206375
9042363
76972044
57040256
5314701
67258204
2517784
74594436
77450748
69815154
519416
96181347
80614370
95263536
21954765
45633804
3579202
24790831
79310987
8019892
520091
82240377
2320201
22818574
76837516
22083535
68968210
2048416
90064793
1918948
92411666
8877535
13741803
21585792
13467608
32707690
4207618
50601833
66882652
67267569
21734404
92347818
69998579
67414287
95045357
38212967
75155246
15856478
2006572
22080740
61842889
11547361
22444822
4534395
75640486
82877338
66282449
23559277
92513146
32644540
76659868
92712721
69225555
93479138
95365419
59439540
91620014
17854766
69218587
19165429
90941359
73563878
73563878
66820635
92513146
92906666
92242431
68962339
90297413
22675029
94001063
92051724
59186516
79267033
27385514
23042660
19828496
90400094
90004317
6575144
69225555
95044307
69674978
93774996
91605268
2290810
56573964
73413142
68042607
18714371
73599945
90047803
76853490
58176154
66676746
20724559
80544803
91999492
38115398
23986520
18179008
19348893
15952791
93001564
57666247
5210198
92023292
43616824
18288190
92251560
21049109
73570914
18029309
13930690
4517594
3116416
67828865
20643742
20643742
79708212
69662208
79124138
66493727
9968132
91340557
92734764
23967029
11566845
22356195
17929608
59386047
94271332
93681919
539088
72454268
20723421
34687512
90454893
93497350
92416853
79450431
96353077
6441884
5376710
4284478
5459474
10520963
4284533
56535098
2775805
3323968
26946263
27286923
10520963
26946263
5342732
96085973
22357416
69893588
95069556
3554350
561509
19411151
4283149
32307014
24355170
92725528
567479
18352918
94006166
69201568
541099
27316933
3502669
4539207
93556653
23274998
16816429
69788671
92863702
32303285
92996448
96154187
43616390
72452640
66406526
2448241
56535098
69290410
92554813
20944774
22010498
5387328
69943379
6057397
24008969
23554667
2731204
4514790
92749930
67822167
95190648
23903169
91621947
91621947
68959710
72471961
83487796
77343919
17883219
22734114
76987641
32633549
18068234
69075869
59084416
93508549
95289552
69478447
93410827
45300825
21802820
38203437
90411904
65888327
3126424
3126424
20934764
93365337
22998919
32509014
65888327
93519694
6339056
95291648
21265438
68198227
96036850
6339056
37765491
69665532
95982021
93635386
48232365
66453057
93977433
96135526
2033866
95961525
20889686
90977520
92939104
96292037
22158027
22209609
27433512
77351323
83479754
93032043
13848486
57979055
93257538
5362966
93636503
582660
15104339
68984862
69489452
91606013
92250040
90048566
93502279
57880853
523813
68937811
69144957
93428341
93172052
93801114
66371524
56611872
92736290
68984862
57596727
56611872
91687924
57596727
32631110
8848800
93666146
18427889
48024900
80981643
79275198
95954386
2723608
57443607
27305282
92982300
70133256
69448168
91606013
93288539
69246143
90593147
93648855
65395638
18218666
83061259
23131104
95856239
23995892
69108071
45261496
66437898
19564688
3569335
67117131
93257538
93772945
19798614
92329372
93393508
67117131
65851165
22020669
92763376
66437898
69556230
69037306
93196604
44106857
80550588
66926992
21019618
93272829
19574980
57504830
58500262
584750
522892
90294255
95348460
92654121
21604488
70811406
91666871
23675953
66913055
73607708
20623425
7994651
69333618
65734995
3570520
45430686
65550448
93662679
69809788
93395498
67410643
21370317
90081067
1946344
22829169
79421951
69350358
5206853
27009507
58741365
93379938
18067377
73414625
23127112
5329521
66820097
79332598
5378070
58137369
22813882
79675377
72473676
75628110
27312970
528673
47840000
66429533
10652730
79675377
65543338
91980112
57775641
69484269
67765553
65503439
91980112
72473676
47008792
92176160
528673
96302832
67074059
93060941
6375717
32704021
19706752
91922537
65543338
93776356
528696
8690441
22142597
59039228
22142597
59039228
57909079
58276029
73411378
4275850
69202635
69799756
91873365
22227640
6090349
4087801
2413687
93307253
19085004
65407068
69537344
73411378
18072293
5903166
90464735
14178936
80620237
67153708
67408602
57700194
79722946
24296332
57298934
77291391
92153049
22457641
20732840
5614071
72378535
16990147
52902744
6675715
530140
83467963
18765546
69621525
32855509
90085699
65328384
65385398
91900340
28222146
24964313
57875735
19585135
90575411
90575411
93188373
66249247
93443089
76999398
92066613
2220778
10013038
94266984
3081820
18393945
10341581
80538653
91655074
91900340
95024815
92726787
93583597
65608629
57832180
6186759
56553592
69286191
69077740
69790838
66272054
79608844
69415952
83197806
18484475
73430630
76946313
92033508
67833354
93248171
93477808
92878602
33504547
23749797
91968306
19820125
4693615
58991137
73602140
73602140
77362977
2755516
73422022
67437668
57796129
82244673
95242038
69628790
93526728
82244673
68024513
91973399
83472144
18000140
4218042
27161291
21937394
27229412
24626922
67676559
69537323
75105083
4501549
66342235
66093009
79683866
73387375
95242038
5277151
73500748
95058816
95374893
90600932
93539739
92468133
75183375
92174851
18570510
32737155
96060950
75183375
22343677
92174851
95032334
17983537
69425119
96060950
21274230
92378749
59041241
22076946
72338007
2564380
91908770
2945119
92025370
76832027
67383699
67383699
90034355
23413984
79675197
69137892
90471420
95058816
69630175
5705191
91937160
68966012
95966675
59235629
57391139
21212841
75110576
79609545
93351700
21214361
59215130
92241169
69715141
4692240
75737243
17658440
69142116
37944895
65649839
33504917
27307337
21268649
69852692
75093381
13881495
91897775
27317543
92468133
9461474
11550942
93446895
535150
79714128
8984234
79614080
17609719
79304300
19013806
23882089
16969335
535372
92054810
22728618
6256143
2397346
69142248
6858507
90918959
68160522
21137320
18304802
66643769
90062941
67691220
22816569
20882712
91946327
22006849
24030144
21413561
5419114
4222883
67198009
92681226
21109699
3091099
10491133
20684109
58428298
94292487
90516250
70069742
92203985
92297043
67066357
542537
21109699
92883501
14903180
23631387
73611578
69458943
92353607
75146928
6455757
34175681
18439620
66908401
28633699
68032495
21054290
8045529
9526638
67634896
67837017
92298814
18136877
6439184
65785085
541453
45826178
63448941
90975669
5263685
18524305
22065929
22449769
67353379
18019146
66200902
90888746
27249473
32574236
93600110
79631807
58428298
22645270
51753430
51753430
66387633
5192498
74601027
5229481
541860
8071625
44391790
71397381
22962039
542783
67072371
24093817
4218190
24366179
14199670
15093736
5397003
66725048
76906816
54029331
74627445
93996400
4734288
75127552
69666540
83539399
18677432
4222883
18677432
4222883
22947478
66703668
92157865
74621843
3177787
65928554
69837846
17812389
92183360
8690216
12594327
4181982
22745423
21089695
23213989
77248094
8039159
65495965
77370080
1929724
542872
2135194
27247965
21089695
542872
92604307
2612947
14158829
94016707
580019
542918
92058845
69795281
18489516
82219399
69774021
96106400
67624285
67430331
3334297
24801928
90994868
67224004
4038751
66465071
22240528
5419892
92161692
5519531
18588461
22968964
93642906
66465071
77277118
91011973
69429827
93428127
21116033
66492186
69699258
90404508
6177864
93938382
59000013
8868032
24745420
8673404
23512801
23512801
92239787
9852787
93091178
78306469
93728939
92617066
77006205
65789114
67356876
41903637
24745420
90605709
21975781
95086421
67758779
2773690
75197507
24782970
73591329
18539856
18323501
95092770
93375217
20641470
19456188
92765710
26216813
80538521
93684294
8009926
91963838
543669
14739206
90479039
90064789
32522674
22386320
4271847
67623802
58560752
90978052
6026138
70096853
2353789
2471131
94018302
93598558
79258479
75096428
90071036
66544513
23300072
6015901
93973237
20825064
32850102
90024661
67837144
17987324
69941201
66998164
17628361
92420952
18033317
93280559
77483367
93938382
20681054
67230242
18317530
65384926
20681090
68138214
67130617
69181283
67842438
57518969
91668012
93912166
17663167
57597641
13847999
45253163
93994861
27123462
27198128
92899546
94304677
45298992
22923648
8811552
77483408
93976656
73980473
90085116
68228146
93317088
43682562
21087432
4736429
94303246
90928462
2083525
9076533
74591034
57731392
76759972
59232039
57909107
76734929
92288124
69617918
93002839
23585107
21054443
93919801
68048235
93604229
90005177
27020823
90478172
8058910
67739376
22059147
58612067
90916763
93789887
93604229
5413346
80994674
5413346
80994674
24636178
93384678
73621512
59434981
22733394
22356078
93942384
90974062
16975215
19483243
67846167
23610725
6224448
14195279
69616519
21690346
24848399
96122825
23676048
23758469
67623312
9903562
93946567
23758987
92307715
24069409
38225571
32424764
44198339
92517722
45367340
40116762
75640154
13899060
78049823
67583837
66897784
67749894
79233318
70449765
68929547
24270766
57940343
8955590
22590993
3196369
58628627
12594923
16983383
22829355
547742
5379532
9967915
15088959
57988987
17942879
77340385
10329803
5287722
57988987
22590993
6340386
70439744
69723450
90422689
18393609
27136400
15088959
2290555
6077532
58628627
17942879
19131951
67409730
67569667
547183
92995718
91976910
15004189
22036472
74586638
72481143
19642793
4048018
16983383
90018213
92329022
21401936
4538449
69834453
79771496
92127094
92905659
23540221
12594923
91934251
90281851
77012389
23051513
69171549
90367413
71019250
24958417
66131971
27204089
91589179
5287980
92669798
547167
27534981
27534981
69924137
90966175
93333018
92885867
547556
68960262
21940663
67543547
37181984
37181984
92432182
90561865
67680325
5962032
93608688
5501925
21146778
90346155
16002061
8931635
38113465
24017305
59165958
91642922
66951542
5352265
5855927
59092592
76937749
57506643
1942945
68229030
13731457
90118952
67475420
2105248
35731547
67822047
69272681
93761562
69107949
68024795
8988003
8977386
18332562
9081191
69919214
92844503
67389357
9081191
69919214
81535245
91669175
81803392
17870010
21274238
90574839
4542910
76890257
79683463
92941989
90572295
93936320
23214208
82342271
65952424
66721623
66475548
2374870
66366387
68016617
20958718
27511173
48006596
8717895
82692563
93084590
585221
67874494
58848693
2780647
24725649
549302
93464156
77287735
57416819
13706237
90575493
69732105
66334830
67173417
22855614
95921111
90492572
14161544
95443202
69740583
91863892
94291126
90991396
66115539
96263752
73425059
92623538
2082745
79627397
83492314
92368640
92924322
76905102
58477332
69485292
13764088
69661743
93461165
69660799
2057389
65858057
548578
16792602
65625530
66591239
91015877
23622161
92991341
57567733
90909355
24887549
17222086
32707718
92886596
67959433
32451591
32451591
77451267
92741679
68111734
13873288
91925180
20721175
32451317
8819999
20647187
91680658
91955010
12596259
1890295
92269840
37765522
37765522
68231706
21952397
83574102
58553600
70444740
68159193
90399336
90896838
90896838
58432764
96265847
21832012
2285452
5205774
13856433
38090606
21293217
91066307
93365675
91938308
67646219
27141091
21149228
38090606
23602938
21009454
32572071
69877619
13889024
69572892
19230324
50578295
58611140
57439036
24998020
19597215
92021434
70093310
70093310
21225203
90968665
18588473
8100918
93314966
95947818
18981553
76928584
93650135
94300582
20680363
69482453
8844565
77350803
68166302
21108501
93589640
77350803
65734793
90431483
66865028
4172053
4172053
66690902
83500263
92952699
58610792
48195160
23041821
19003132
24111593
52515232
2247844
93168000
20928575
18000048
66931927
68224921
73411697
66099572
4523092
75132895
66411253
92641048
72339642
90420687
24005104
4674208
23899173
72476783
22454775
76947408
1946188
75202580
5474054
21020182
76933341
93192786
83124824
58724920
9974625
66050525
37939465
18323017
21109040
23450472
26973303
20685734
91596668
14907676
69503068
95857753
93524825
27186629
90493789
56581853
16795917
95223061
92261247
69482453
69162020
24836792
5187332
73605864
18051760
23867161
4121160
69957684
27546331
24063369
6155010
15853559
18323739
58014701
67060568
66142831
17224334
581352
57148959
67187101
75070116
3689707
92493836
18239767
23015275
19821575
27481199
22081908
9112404
21053058
8350559
56575171
95101372
67386650
67843667
90888992
21982915
57451395
18642953
22545281
67939178
66568565
90927374
71007893
67091711
90888992
22415512
50259544
5275200
18997123
6852773
69896103
17688768
17814375
21800848
92874162
58196476
92956856
70765104
5529508
23111545
76678398
4499367
66133259
21403362
48232792
57148959
20916159
19229654
2254363
48144311
6033615
76892691
73392691
5730602
24043671
5730602
32468402
83594571
553437
92337446
67672429
93325271
21148037
3672472
56972876
76896583
27429566
19179828
2620612
73503724
91609506
22301306
19338859
5508191
66902559
45600513
553761
17740242
79657172
92644761
92266561
5502063
24316597
8835216
10649271
38052100
65755943
19119930
67613107
65934105
93065771
66978996
8461226
57396337
90503553
23192185
555183
71034781
95086222
68222449
2363101
22222966
67242703
38787448
32594156
91619190
92392196
555192
83597344
4560115
76734215
19362225
19278342
92244720
579324
15961036
67290409
2629621
58275939
28629827
15864077
92124492
66968730
90455161
90455161
66999906
66795547
32867906
5304705
68080846
76671838
66734800
3434632
18290790
66370179
22282812
21025517
92071990
22195423
95289992
22250969
37947658
6023919
67195294
67224399
67232058
4278337
66126477
56561673
22195423
23432786
76299172
67156523
555279
92089471
92246413
24990604
22222964
5296001
54817187
1955599
92421945
3053644
77292688
90507429
90433467
59236529
79921771
38152540
26940351
74995261
2994541
93356478
5227397
20715455
23106618
22874276
67746735
43382848
67746735
19616443
19829497
15989179
68749307
93479511
77220089
65721564
74553138
77258166
73573972
92245233
74952149
32341595
65624873
75001950
91584463
563476
21903265
91613120
19145534
21839020
21839020
93353752
67758736
72347091
66161856
79622948
67392177
90374227
32557290
70449999
69280242
13917365
91584463
67630572
21158637
5199424
18295703
32632780
5857924
93180251
56979196
8976398
21129288
93054624
21280599
32320053
2778244
72460155
59187410
18332274
11580657
90455741
17646497
90425720
23567310
69319671
69901176
4564254
3039604
67557853
74597795
77453084
67758252
18192234
21127020
32846441
56541229
18683741
90458137
74597795
14882604
62678677
32846441
21108870
73420583
11577797
90927266
75160143
57775604
6449663
90458167
67389479
92146512
17164967
92530875
69774733
69109240
76674167
70765559
90650576
8580581
90458179
91909958
73413899
27143505
77599185
67353863
66872184
16985266
66956277
21214313
72460228
77349938
68140300
68140721
75661208
66134514
69341263
92870369
13715312
5512784
69842273
48115519
2163118
91689694
67831964
91991566
90455237
5564424
92392157
6200504
5548951
91583347
22037127
91896649
2163118
43779064
6454947
65952082
12599436
93488814
559021
18109001
20723433
22584632
74606938
68190099
6452130
5364311
21583292
93967991
23577781
11565399
69341263
3444487
67831830
3444487
23446391
59227833
8065843
21293596
57444833
65370865
65698174
22888053
67430429
18764884
79258434
17209489
59082195
19583302
66263393
43920886
9665590
58869599
8010724
32780925
65369943
75645694
68171345
44002537
66984586
8008514
67682802
80978116
76762373
79447799
76940330
5512329
45626667
6011083
67184821
67518749
69598046
5133389
24663417
4736330
76981675
3435241
73588755
20824598
43615517
69203531
68075750
67990790
69603865
90422018
68075750
90422018
558258
5587031
67990790
8901700
3669292
92675002
69240204
22891733
22891733
24038219
66277152
9690239
563810
10013652
74551772
23555851
32383675
66277152
66868283
18241434
59055585
18453707
68243400
67111234
18360549
5428527
76850906
16960850
563754
26230002
76850906
4272514
79621895
2244973
82680066
90430752
1894462
22817973
59137193
42571604
57719077
43851402
66732000
24635766
21618099
56823356
18016755
21109579
38804994
43682966
76738584
72357101
68998856
4110763
3919372
22057739
27502064
5262849
2961715
21776705
32323459
27405323
6081725
56964294
57585933
20835356
5702570
5391706
17177822
13672713
21048304
32346651
585342
21048304
585666
2471410
65644707
21910963
77674385
3117796
92365352
17644528
23501373
58812235
2080606
66545169
91077187
47219271
45557713
66223481
66240387
24761288
16981132
24053580
27135839
67000127
57043881
77363096
19701477
56818393
77363120
22024134
21332939
20694307
58583614
67349434
18630984
38083391
67349434
16970564
67621099
22163990
56887942
24890734
2451391
73557646
40346922
559109
18556553
58591052
69477627
1893784
23547859
72334081
8888507
2604373
6448315
66872605
69531229
76911127
2500504
73593829
23643946
41060127
2820520
20708298
5148106
41060127
66964902
91945964
20708298
5148106
21588482
91901352
5564222
17227488
43991844
32321320
68439966
70554835
69723539
2764612
11579816
32596211
69132178
32549230
96193610
92725970
90420286
70149770
90898254
69343080
90576482
70073441
57968450
69788386
57778054
58580836
56595156
58580836
77498722
8889677
57459332
66855104
65716303
76849360
67405502
57825973
92042765
33588287
21630092
14175125
8070654
76666718
92042765
21830666
69731518
16223407
59265677
20705696
69745857
27516630
92418128
72331911
5440070
24092953
72338275
23597930
38111937
93466666
90564124
39624748
65388668
17835417
5314220
90594294
65587422
77525791
69770248
93631650
69649976
21741800
69332998
92405422
76998461
67584709
22451442
65500877
82691698
76873909
27547213
67096281
68009068
69149446
24947697
76830488
59113485
93676911
67622868
77155754
6129309
33507102
24861930
32866438
23370287
1980382
2137555
44232799
58049161
68040766
69762094
32679157
43748623
5435553
24336156
69005271
58945221
77366489
3588490
75158670
1980136
90583492
26216593
22416718
69446551
19777644
17892563
10049218
91350090
45601626
77000911
26988025
26988025
77338462
65697054
1934521
76997449
65655402
4123661
67784307
24724733
8931980
50436735
56699758
66861100
66162808
58950052
65930439
5688852
50649242
15106400
69125804
4518090
66142472
15854505
67497857
16001205
18127511
66893872
50371929
5149396
5428976
69102096
22516265
22516265
50422389
8914942
8743944
4499484
5593268
10360738
19284101
3647659
3882109
95908730
66284238
13923838
13923838
92609062
43382584
16971996
69116661
2215042
3175177
22653627
10639058
65739932
43901692
65793573
42350853
10640070
66703019
23733401
17209609
18341349
5629277
28638575
56888182
14911352
17213898
57195923
56957085
8675923
18775706
67576781
2173474
67497491
18387795
93011033
67497491
2968141
58577302
2173474
559234
23995886
93011033
23992463
21685933
20941068
76984490
16978774
56906959
76741106
67762561
56813842
17163338
66907443
32603180
32603180
27554176
75674163
44215429
75181523
5610902
2454499
44389091
8674677
558409
59167224
4667553
43386261
56982894
559590
67647301
76735164
559590
5399618
56921348
92424292
91081123
8904269
92424292
9313881
6602163
38157330
67897943
19682302
4704776
2415511
581582
10525663
67897943
581510
4718379
32422711
5293962
9727003
17163658
21123007
57279523
27229263
3076813
67199031
5220447
4126978
23965884
13667865
10334377
23614978
18776816
92107163
18544578
26980100
26980155
24042057
17843589
43857237
16877563
10374064
22074440
45640244
72339639
77286196
57560569
21916570
39790308
79874643
45648517
14909553
80480522
4731203
58591491
6111717
32595740
22931266
23409799
5686503
18620373
93273145
20959063
92307746
67070620
27269096
21275469
23945815
39019846
4537470
21275469
16817177
21829836
17184678
6987525
24294073
67840934
6182911
69575404
26963594
93302568
32385757
5644551
90960874
74241885
24300454
8892318
59119813
68517578
91071668
17208799
4232941
4232941
40683916
67308261
58590859
58920351
4286604
17841785
20658689
75145914
23965399
14904755
74600009
8821245
8821245
66702855
20725111
18964653
45334004
5531466
76830231
67436931
10599478
67436931
6174557
23913397
6125826
32587898
6007634
18987404
69208724
4564472
4564472
59136681
5512999
21404048
22440068
22584337
14815696
10493347
62978594
62978594
6427328
33583391
10493530
28614020
14198185
38207351
24347295
24347295
68173195
21124242
19687287
32345592
4181360
12220884
68006209
67676710
8685905
8045821
4289499
17872040
22182070
8995571
8897777
24786315
23055615
45600144
67918999
23597543
92413841
4120043
1924240
5398321
5374077
5249461
57054802
23130319
57795078
57795078
564782
564440
6029531
24765170
2933650
2759512
21170174
21170174
44036852
32454370
16033736
69868895
22914837
40571681
62999964
8076125
18102604
5622569
48989336
90425596
67306695
92085389
57804709
66445805
2537497
8064414
10471535
27302430
68063006
10471535
23312268
67052953
2530273
5138742
67690140
17994978
58495720
16370382
8989258
58495720
13719138
18723538
9451242
13883018
3327643
75136167
3327643
19153546
18002575
48651294
9454277
18641581
24654848
56936336
65963162
22166768
69301501
21219355
9276473
58005254
8015693
59130409
73416897
4077373
14733387
5710289
4201751
67431136
73607693
20706914
14199462
8898514
74604189
9907070
76930105
44279100
20958639
17728256
8043143
66836123
23451371
93677254
93677254
9598209
56541569
21202011
76990782
24672155
16980212
43989438
4102054
8573607
68181607
6229306
17995114
69040952
5701874
3337402
5402271
5281174
5402271
1923766
5537692
32650745
27210032
23678653
18816930
13786256
69785312
67255400
27148271
23884673
16402858
19589520
8814340
93659633
69687656
37771536
65425130
22910531
43652054
67030707
90553221
67766709
10598630
4734969
23236609
48037313
67941792
20631709
24511096
24511096
20631709
6606238
67424069
567718
24911815
32874304
24911815
10023187
76901734
32874304
91919045
91930689
74602524
79718821
63182482
5529464
21666038
58134786
90453902
92335363
92521235
21322401
27343298
16966357
1949035
92734013
43556849
70447498
90565192
22370412
75088696
22948945
38101567
83515107
70447498
27323532
52759485
52759485
92346394
92337368
3136285
92498950
574181
67698019
2862577
56650455
24804485
27295233
17231220
2082061
5421434
67986973
24320084
16002148
19660983
44095009
74573598
567748
1936363
5355205
69179924
91869312
77451500
17188983
40870872
8675589
65494558
57563533
57572064
56823819
58787186
57563533
27272857
57899448
69583263
66456831
23365214
20679185
66961722
5882918
5624345
20657076
83113119
14713424
3703921
9858918
21091059
37806098
18436827
67608106
19075448
67099900
21835387
17201945
91893611
67328508
67210065
21047285
21047285
67328508
38062903
66422878
24071437
14716230
43388611
57765677
8068159
76966807
33507015
33506977
48008617
43557563
92745618
45316680
66586684
33507004
38134123
2677768
69799655
18141306
4116467
4116447
69601811
24355822
37800365
65932879
37290950
9451963
66992534
67973939
24800440
57581506
13673043
27385808
23574203
5310946
17342092
3549544
57516116
40214245
18102168
2346301
21112758
92842767
19142274
558027
72478629
92513602
19142274
93542244
558027
58205286
78929134
24792223
91905317
69128578
67322957
93191150
21931211
66791311
77275077
21051005
25041168
67625650
92896151
22221522
93362601
17228427
21412668
95870710
21931211
92322109
79592318
37805177
27199877
58926166
18526591
83590325
23938316
70582221
67934115
22154210
72455182
92858760
23684295
18097625
66941095
67776385
32779898
45246181
92679575
55787043
2012329
77344446
92965515
69292074
66700477
58239871
67325806
8722829
92561046
21640431
21180840
38329166
56936139
10651572
32143044
91857056
21810976
18204575
558003
67008566
21051013
69733207
92841305
67518128
8903038
65544876
13678655
24999299
66702976
23924226
66702976
17717767
90051083
23924226
72346573
43819678
10361638
23978821
57967086
23278668
61103953
17217889
17217889
66382730
48314783
93366392
24999282
75187435
79209128
67211146
23745029
24513467
90367534
92587665
23701150
24703657
67760612
50760127
23701150
92361206
19379245
69413162
25031555
57425528
92270986
47120935
68205113
40361745
40935622
17736335
10340183
17457489
6151476
27389369
43954088
2372338
68167460
40691153
8744093
19664518
2679493
18083055
22143664
67393425
27707178
27707178
62480813
5315398
67393425
81759385
61566828
5464115
57688557
18437222
5624709
66874628
32877215
43681985
56906821
58498648
21729032
58498648
17434610
5421647
3887836
70348848
57243780
2091196
9039871
90599582
18080558
76744166
77285500
69651560
93190292
80366969
69771725
27285321
76743890
92554381
76743863
76743890
27289448
68229754
92768670
68975598
23451490
91885324
66881161
69510459
32514557
69588002
90989007
16973582
22513669
23929964
90482513
4501461
76342147
66851219
17794055
67020057
69844107
58306847
67020057
93545177
21379543
69495618
68062524
3661795
586168
5342016
8714432
21376241
69415240
67232082
93378736
579461
80993903
5535221
67236193
44371936
5243646
69126420
79614492
10625683
66472664
14155376
91632941
59209139
18977639
58587267
90003266
69480813
93402784
92920519
92879704
90604381
44130386
92234851
5450070
66851219
19293756
8074440
69611259
95281336
22157758
80985113
17843379
19288646
26996931
92553105
27297052
90410535
93210042
17925492
50254201
27314904
76661551
93735551
18812966
24607356
93302856
32398527
19081309
20810490
92836247
8077346
58615233
2412190
68954068
13861043
21263392
66451378
67506813
19267317
65724438
58058594
92426940
65501330
92754711
5151602
558203
3901480
91686559
73411410
15915140
94301228
4057330
13833003
69450795
93446047
22515483
22515483
10649181
74623261
4513394
9881132
38129223
8013564
94309178
95290191
18289293
93013885
94325964
92355030
69697481
76951117
19581127
69713380
59262165
67759318
91899673
95886913
2563246
56886062
92420614
57466278
95091031
74606159
69258479
65494260
93730262
90466838
59262165
17919864
93718433
95396389
93483134
59206325
24677624
90007730
38075071
94309160
69960012
2776612
22871992
69279028
18097087
3637777
23685546
79883810
33577528
4274499
33505884
559160
21594722
557953
76665620
5102207
96015055
38208269
70536615
66236292
24111256
32339642
20714724
72467952
17999868
23606428
19661127
22730009
57249290
20985694
15026673
79587007
73613532
19828982
44036043
20649193
65845852
74622159
23403281
68165235
73432835
77365671
17204272
24041090
69852132
40364872
15990449
4188561
24105561
22010085
5385065
75134767
75134767
58184493
58184493
68226987
72459871
584233
21369076
69500733
8070426
57154361
23294822
19408738
19139751
5466029
93492539
19408738
24738615
5508623
59049092
69077891
77259001
19807182
69182441
23908174
19176582
22209331
23720440
19588279
70438239
95896007
19473841
69741453
19204228
93174957
17201335
67718258
93335848
95058606
92601573
90295752
92621101
19204150
76727828
19468481
92364574
95040402
19603480
19588279
67656870
76727828
80528587
66258639
57977701
58687587
80528587
22209331
92404711
58013405
92288543
69767027
90907431
5258054
77352416
92152698
5380151
76758801
32872587
37801063
2984701
57388182
21180182
92288514
67381451
22718282
92288433
80612491
95493187
19229448
19608880
21360812
66443086
4542874
56782844
92286362
69549430
66443080
92233912
56782844
93189973
92632667
14892551
32363976
91851384
92634355
45510279
19822240
5334997
66900523
92233912
69549430
92764413
66900529
5532362
1897081
23673993
58963454
58499866
20832349
9955735
23903145
80859305
10466185
69452544
19792686
4669026
90287209
5426290
57205121
4712872
66406407
69082703
17736454
5699565
58586835
67421188
1883911
44324026
27307797
43740836
76901531
69424664
16990611
5699565
68257857
68009984
75179151
92841688
5384243
67955769
79609924
67794117
92105903
90570270
94307672
65770265
5491401
83294998
24468964
17616829
75180683
22052657
48118110
92191794
8691716
19655621
6084674
5491494
9685915
10562945
76757182
2957629
58404779
90105439
23086489
23481899
23420254
66528616
58587927
96103645
96103645
23380402
67993685
69036715
93215641
93509524
66697350
57710633
57176844
27476065
68984739
8721821
44053207
6298740
65481722
27530620
92434691
23735096
93936904
32391055
75133779
72448439
66461186
6090079
92762669
6439523
92642703
92908068
72448439
93186354
24924317
58388316
75171788
76929649
5420120
5420120
75133779
8018501
69668964
92238357
90335946
95049756
69415970
92584853
67838804
8908385
66080662
65841759
4074124
17799499
65787620
65841374
6090079
92584853
96084150
65948823
77445273
90914975
8397932
65893108
92833294
70097911
93732195
32771340
59100852
93452361
3374014
77352315
93968830
65841219
21804758
90983319
68927773
21979896
67067990
92956372
65892722
75051647
68203635
92487125
17173646
24511344
8894940
65894021
90287319
18296993
65844914
69737545
20731292
9017435
70218279
18245000
23760519
19682705
69272400
66678084
21066438
67206110
3229054
50416616
2495449
45390801
21970417
3993970
58583942
75638730
66830662
22648530
11561500
2037133
10008823
45328293
66844133
92227910
92096913
2789044
20649377
8856734
21037366
66695820
4704075
74466446
45403363
58539508
5197679
95027933
66630767
38155647
5281354
17487265
17487265
71444571
38155647
57444308
24756319
93725717
91972497
20893868
69683888
69593567
91972497
6147503
90465328
22304773
90091759
18389714
19176640
48524402
22346501
65326129
10578967
65834664
4733026
19176640
21665886
69017633
17949851
17571389
24426478
92697614
66415253
17300801
4172581
80928051
9551923
58589995
32308749
27516586
56788699
68073423
11566113
45253722
19302412
5398211
18107352
58928861
18107352
74597186
45253722
69710250
96037962
72474141
71389640
77280000
82910820
67884575
75124398
5628947
56832860
69292735
18090714
13672695
67091506
69344023
18606217
92750239
58574568
3321835
38096679
59196200
4707033
20826026
6247055
71101532
68071627
76832083
6858860
67524123
8717192
15946475
21281282
93329755
66485898
43690492
43690492
93971715
93427070
92653137
92514098
17887623
6090262
69622662
10576453
5706348
13727724
66348255
15865594
69866928
67103755
21093786
27013840
18718451
18718451
68196702
68039864
38224567
72464873
58016923
90025068
72464873
4298949
21931786
37795026
76935959
17940773
45347990
90025068
81759956
37773245
45594660
26955248
66967767
79564703
6176340
21025065
75136039
76251385
57800435
27155354
94358543
69089951
66697267
21731413
63170531
57453816
93279012
74461050
92174133
17738380
91630492
19213162
4132378
8906410
18229719
67732712
63546504
90923543
68116268
65695743
93976785
22161802
93976785
24664905
75674353
26209753
18279245
76834550
43672279
72460681
90029400
66543966
90305161
69751720
8715822
19012526
19202265
65486885
18095750
70445987
22421630
67118556
23421413
76859007
21662376
67908975
67968192
559512
67497878
68009193
32644989
65409501
91612919
7996363
22974373
92416721
18358621
18040781
32880156
66068695
22966441
66364973
558018
66441102
24681554
9962447
18691087
5316359
18211229
69438275
8831725
18040781
26981424
92416721
75009312
90996667
5624763
67203970
19088321
27320636
17210199
20837278
56670767
4659132
68209268
4190641
24673864
4212697
14706874
2508193
65665774
2737009
21714627
32880156
66068695
23221990
2562577
32564648
6838019
8935977
58119450
69415495
92589556
67846329
67124160
67098941
9885147
91041547
27236921
3322822
67724352
18054481
18054481
76763780
8079477
18281288
14890410
80545797
90911837
23627510
90105087
27011906
57714480
18235677
22568334
5541033
32302278
67699007
5380193
68962380
2562157
93333088
17731512
20690675
19088241
74206693
6133222
15864345
92150994
9372630
21411924
77468765
2037979
79440344
77468765
66723944
5503392
76764400
2815156
76970304
3899506
68967888
79614139
558430
80984963
73561809
4211938
68326280
50700847
93856109
66262664
5486116
76847594
76719331
67717332
18094777
93210858
77349430
57452792
77481802
76834202
77591420
67639673
19012313
5642495
27479867
58559611
67595520
38136076
67603357
69252616
68968022
4298872
66245169
67261473
73559312
6168376
22862483
80233009
93744158
69425800
558125
73570845
37765310
90062771
22680122
21169404
21147506
58580384
32669086
48095710
5156055
79212156
20940001
90586290
75140217
23104539
24498089
93492185
91615891
72370279
21118337
92024025
91614343
21746463
67653352
21991822
27253727
21558367
66157582
21054675
96552769
90380635
32705550
75642059
58113817
18642950
69084363
17990199
24912824
19659077
24757164
17923498
19707804
27111184
64050497
93311855
57416369
79613499
72477939
93749469
67544531
69608503
75129771
95077685
57701010
57782061
32848502
66109066
69925971
74204373
90447443
95341879
13815412
18642950
17150781
13886125
28616102
68167967
4220848
91925205
13858734
93155381
27509795
48232229
18413456
77764036
68975465
5145186
24890724
90997046
65696913
10345852
94660868
72348803
91061859
67439399
67184993
48072740
24890722
90530317
8053999
93091429
90005450
17923624
18059047
57959582
95356357
76842151
22939829
5666720
96041408
73407798
90256190
79665995
57495259
34665808
14746312
68927432
19012009
22783574
20671018
22783574
5196255
76983973
79616452
19829016
56622992
56823737
14202483
69901183
21356038
90303335
79309360
69920744
6108801
76925040
20840145
19202872
5445421
20840145
90313779
19654866
57249264
58428060
5498883
22489633
92237631
82690414
14156411
43993768
69230959
69230959
23365638
76410210
23106088
6728832
76659011
56810244
58545699
69735592
22831806
18987166
5996384
70450603
8703704
44128392
66241808
22172781
68065853
74607058
10339371
69046007
43856594
67714254
45449315
48111132
73422176
6015550
6015550
67343355
92337681
91948762
65474117
67130187
8000754
22217829
67514037
2809090
74613189
23883577
24272555
13900875
19096267
9378496
9040881
73388503
5204942
83435870
8878437
13915314
77338421
23295390
24506531
24608174
69165887
32394452
71388792
27200276
12334595
63262286
69408358
66422229
24339424
6294186
8848356
5268590
32667311
67855715
5860346
21937185
66422229
67903945
18132417
58638988
77453634
22661032
17840733
8990569
19341330
8826738
8826738
65613132
5216716
58580913
27306509
90401860
90113841
65786640
4230805
8832707
8897678
8897678
79425539
18397998
5158222
8241592
5158222
24932721
19487718
83462387
22021529
23407593
92231137
92764039
41151626
58585690
6279179
72447509
70452337
72343091
58941899
82248365
17235980
8978201
27274757
67213087
21373514
21373514
59051249
22951295
2467462
22132629
558361
76913341
2278708
2239216
58487454
2975311
96238320
8990022
13913357
68049169
96069918
2648383
17198403
2692045
79645814
4221052
3460822
33596096
92352985
50545718
21105160
4057108
22793374
67202123
43686303
9615051
4116122
91860850
17215302
37794012
74615772
68039150
67930748
67444672
58737429
68039150
18137184
67325308
19809015
65492707
90920992
59041466
24731972
32518586
32518586
24731972
77264858
69788144
23994624
69788144
8023012
22150100
69210608
73422949
15085099
13886761
9223136
8989603
21634183
23701570
17891321
24953873
40850391
43750575
73430206
19644169
74607339
3312319
73498985
73431541
69114872
73386029
68990477
8996514
19649201
21046303
20641840
10360731
58239279
20641840
23886536
18241646
10360731
14179653
73395727
6024800
3334933
32779963
18530619
65818343
5290296
3464806
58004246
69855991
68951180
67160100
68951180
6440494
57403257
14201342
8722370
19688104
58625549
92370614
32854676
74613542
58625549
19803452
18271861
69679480
19601132
83481151
92757074
48158162
91038498
10502583
15853936
19652893
69549583
10502665
75154026
73648281
22150114
73648281
92656596
92656596
69035677
66796799
63177591
57166981
21013528
76940874
8034630
76895694
77016323
77016323
18709086
76903444
13783689
9365306
13678330
6109679
43766733
18082745
72472405
3896557
6216151
67764648
38328923
77450607
77450607
67938225
27480082
25053778
93569228
72459486
95657867
92987669
92987669
91650290
66732044
92688554
92664457
27220980
24643444
92692892
93247496
93101439
14714060
93285777
93019699
79244436
92664457
22734557
69130756
58665264
44051851
91014303
2844709
68967790
22361369
20919956
27462151
92890607
92993953
66027239
24285836
76661454
24958595
91950279
90093892
56962242
56587582
18201731
18189313
50608104
24599148
90937602
91891724
92743814
92743814
17948447
19130971
1958065
21654940
69287412
68946386
6813729
92091295
72472405
68987631
24093114
8031624
56648743
19013941
22356963
93250655
17994490
18731061
67359066
57949920
66306478
65667002
92123614
22046615
13916673
57005469
80989434
76830043
23644646
75136472
8866237
16972392
45325431
82689234
57485032
5588802
57781429
23983328
13672769
50668772
8724836
32741475
21903237
67955901
14177176
23340863
23340863
56819478
21959569
76412310
56805700
74569805
57565906
76730558
43949339
4658166
5727200
76979643
21777666
92212756
57644182
92212756
5613176
22221108
13673388
69036247
13673388
66062644
6426104
66062644
8830407
93281738
21216892
17836431
23682292
4735646
65669534
69475094
23938239
69679960
48139578
24761858
15969717
21027815
21027840
50709349
59166914
94006760
28522513
76971771
19660950
92462544
58580918
6860508
92017880
22164102
57203299
22688343
13789369
32546519
11549723
67058103
38107438
58477048
22644639
22644639
10646754
59215421
18182655
11562887
9463104
67763392
56921926
23726290
5627169
67622210
59419587
65847770
23603412
92360927
92027909
69182790
21955552
19273608
6858819
32501423
75157569
91977772
66731647
76840071
77254017
72465066
92093963
76851126
93212218
21740972
92023858
90586465
90033704
66481019
22049522
65341834
43790625
57645826
69297111
21043028
70103310
57666310
92000304
67584256
69236474
21043949
93938453
69284573
5354111
92000304
69546878
67775010
19663597
68002294
3096082
24008966
22222253
24952322
57556170
23926021
23008305
32584819
57391696
22674979
70763812
76845286
76965404
69092710
92796869
92232465
77556557
68590138
22085417
66285636
58083812
66295863
93284368
72460043
91649454
6071114
57442065
73606457
80623656
50558267
76267893
92354731
70607381
21245531
32649181
52345151
67743091
76752922
74604523
65679460
71420812
19649581
67388418
18006764
19640210
8021474
74596285
8621200
18023632
5594393
19196979
65700493
27143753
67567726
66528390
22176472
67434012
9000058
9754774
21787551
21123853
67541157
37298888
11559714
69247960
69515870
74600455
17643869
17783408
57561454
18110334
45507447
32842088
32842088
17182276
90278969
27452850
24327430
59121626
57442851
19328601
14157216
20727198
23314114
23186846
69328707
44033883
5389823
65394695
92484167
57337750
68167318
44133054
32299397
9912588
13677954
92260197
38328004
92250115
67063494
67666897
69839764
69937047
69430982
24100175
69937047
67835230
66829246
57017659
66990867
70441891
70439752
70439955
22210075
19656231
2617435
4098422
90526811
22911549
92217215
93749891
19012107
22447281
69215399
67576384
73421654
91879500
24948171
15856903
22973910
8840271
69222580
79431623
50708905
4106795
23494760
90015612
15096637
19660832
57480904
58881049
69256439
17871724
43653729
58881049
6426190
69256439
17871721
17871725
67979522
19605071
67631884
10646098
58332972
58406000
2685757
20745466
68135176
15922458
32510663
67794843
58477944
22422617
22422617
21283844
6083630
18343026
13726844
18071858
35838078
91011876
8725039
58698322
69491918
79628465
69491918
65322114
67761185
18711916
92921897
23918826
21997884
92371188
92288095
14195814
77285068
44239724
18207197
559552
6023757
21257931
58003827
17152463
93334427
6063150
92111409
56708315
91688967
93711475
27515058
92570581
18501645
8954892
79626017
57236971
90583646
93733351
21647699
68143520
92737725
18977175
18714667
90956640
23509494
9078674
3310411
68208614
67845825
92470216
58584059
14152096
13700983
48353596
18203443
63265713
2813452
22232939
23640984
22834905
59299006
58825208
19011893
3685741
5215902
67800211
5668305
90024919
66474005
93453951
5625006
22544727
67500137
92319609
69897029
92575180
66285770
67821492
8973229
65652290
27233322
27233322
66549847
6173052
18687493
1995271
13718187
72349927
6175084
18513596
69659850
66879896
91019524
21377156
21377156
24012599
66125991
22433235
80860599
59040871
21155587
22945485
19011915
39938946
67352158
58686019
17710845
67189415
24965646
67426630
19367341
66295377
57498514
72444666
58665955
72444666
90334315
18390096
90483051
67503482
15697184
77454056
8850036
8850036
67570192
19660570
18357488
68961736
20837304
32699363
67647114
21585421
65992180
14178202
6301780
23901395
75636459
21948405
4202781
65477401
92745765
17236333
22162717
5710122
73571361
10670169
5777693
19700241
5710122
76938497
90400802
16822659
57851433
5224941
50373761
45470978
17977951
23430459
90405101
70449421
2735236
23430459
6165681
70449421
77540717
19691583
48065927
52348744
69299241
2362285
68945927
69542269
57705594
66234836
68041412
18448253
67231208
79214051
65959815
48105981
65704201
65704201
48105981
21728978
91625525
19092096
82855796
91625525
66910672
17648499
45598861
77456391
92716571
4526910
66404405
18211281
65879576
15074246
44199100
58639058
44199100
58639058
8626440
69087869
74990660
32371525
69660462
13723372
57196871
13723371
66391961
67643879
59423915
21757670
22920922
67006621
57595714
50640092
69595843
66819947
58386691
45658360
8882493
8882493
17925510
69211348
69004366
67808186
58568828
73567691
67059761
21374575
17969841
67510292
70841355
20748152
20748152
23593467
20776237
75191412
23603901
23428973
67743869
21791752
90279885
80990639
82683631
19227302
23904251
91692113
57517488
66243325
93381900
59125622
21688649
67694636
77603867
79305764
19440077
17984256
5295796
4515217
90986428
22357665
2378047
5568189
66904868
73403510
23127475
4014661
92342291
23906435
91027358
19354196
2260231
23209416
17880012
5252011
4171991
571166
15880311
43840914
67057897
570517
2540560
58343075
24642998
75094805
69643183
67851683
13884394
5253329
5216223
18720780
75094805
91594062
90994060
23437592
3465853
75182357
2067568
90119447
17887099
2049301
68002767
79600512
6293040
67255542
19698105
43624002
69737091
19698105
43624002
69737091
1922995
69682811
19475156
92086703
570239
69463625
69957299
27262813
90108505
68936536
58050283
92903441
58655779
18616691
8906738
68928458
58055119
68242453
22294967
3537586
72347699
23951466
9743294
23951466
79677463
69682938
21831026
23927310
65752954
6016166
33504536
6376492
72470299
58021805
90691689
27219244
67661967
79313672
79313672
17788439
58603187
21971595
58603187
57313962
57814628
6310930
58631099
67795413
16966977
20879216
5227543
23132038
23135652
67205192
67205192
90314854
80984954
76910317
17222361
58630957
40659658
69702892
2656393
23218265
67989942
4115996
48059364
45664142
37924971
20936067
90501599
6449212
92812390
64409834
74577125
2676250
92684743
27255013
5290604
27418540
19094298
58243118
19115580
33504889
66179477
22107633
14153603
75195416
76728224
20709262
18328887
43567699
38232067
18618430
18618430
21900864
21900864
76984981
3904285
18251010
23722119
19273271
57739975
21739625
92093674
4666761
76930375
32592013
18440642
93506164
8682635
9670534
5527973
56807088
69962333
75128775
59532802
57445061
73498563
92738738
22417804
80530711
17148610
22417836
58585940
74575698
24001432
56683218
13761770
21711175
67955793
27149709
92473300
82368476
66867408
8989387
44282483
1919368
17170883
24311344
2121445
19698843
10017477
74037178
69774571
65767846
93639474
48118832
5329982
90025681
48887841
5330035
16815773
73598382
23346931
18605630
51173869
24012392
16964192
21746553
6166128
18684362
59183463
58587072
83131332
69159979
70598722
3192394
80618913
18679331
18679331
90508084
69320054
19808383
93421295
6535818
27309129
19601578
65931463
79386662
69778777
69146574
19638682
21713670
19638951
19639074
69130930
38335020
58580152
15954686
6238029
76829616
67757997
44221346
32646614
24785652
15953490
90661245
10642108
76905854
