68942918
76678586
23436398
66191084
19291562
4017154
21303576
6140602
73426297
75195702
37765452
66325361
9964442
21865211
69116083
67572000
73576780
66879626
17958978
65495623
73398005
19315775
15095024
504464
73582232
33680160
69074927
13784702
73423179
23218522
21584597
8065409
23481472
13881219
3341992
65575288
13658071
68209468
74620734
76735408
72340686
70455240
24508627
11575638
13861802
5275754
69170651
38113727
21942705
6328747
32308884
77563221
24078657
3527989
19643664
4172657
68066252
32461389
19351344
20926167
66193274
57246811
27333622
65327127
18602068
27032759
22369900
63177252
68961370
57503551
72449981
21730061
4663146
69428802
32752267
5319197
24996989
56526011
21213568
3531196
8723631
23022705
70445375
59256828
43557679
57490660
69035335
73589397
24606795
68107295
72358729
68174222
69904072
15909519
66131382
13884647
66755991
9977754
66591621
75144868
17892587
20889050
67796738
4599475
21352202
63058818
18204916
56587927
2014165
67342014
66876037
13856991
5878554
43386343
2860426
22660738
67798867
19357151
58132926
2481838
24096079
67607751
22179722
72451871
6850571
23336336
5657797
66545346
67053415
18021863
22788368
73386323
69949884
23978880
11567693
8249113
32550361
66596123
17159209
74628329
4223460
69722932
4673323
75092272
4516603
6127165
24732947
4017151
44280768
22393028
23218537
73409823
69202035
47885431
24739577
72339040
5995973
22349137
1965565
18518363
13820289
24608007
67762096
8067103
32338381
24309683
4217941
75180546
67859654
4023775
17149436
4672473
500102
72341813
66102245
37794333
70802838
34521963
18604155
73595004
24258140
4091239
69851142
18477209
70614499
23473284
68945767
69729883
9029614
5733236
69105306
67251491
19291525
69521429
65495054
24630651
22950639
2186323
14184826
65999943
5175874
67095694
27431970
68069128
66870444
68694400
8865553
19156944
24972421
14192855
3703684
48008913
68923968
11566437
65495748
24940942
72339695
18503796
17679013
69703281
3578740
6444591
32875447
3631459
18543137
70587988
66323638
2873341
14180269
503113
58260604
43597201
11559655
65765449
67074123
74552434
2087128
4208943
67188038
23498058
37801742
26233390
1926859
69480991
5533680
2032762
8965278
65697224
21782901
48089742
21225390
68961507
8910946
23111380
8006068
57052125
22689675
27431729
15875621
5529178
57698657
18714439
22171611
66860253
24267878
4228627
22465085
67934561
76733374
69739191
22936478
67519205
5420800
37019723
8717558
69926863
70444901
70146149
23496856
69711586
65693086
23874511
67557352
19646427
65598882
10343688
8065256
22656889
32445963
2808400
19819159
74595101
22679794
23595087
67905641
32324328
5148607
19290716
69122871
68174695
24064370
69779010
24987441
20916623
66240166
32666090
23681832
16981169
20843382
21330720
20895354
8646993
8866928
18084636
10341059
4074034
22303119
4684764
68207266
66656003
22911359
22466925
68066861
66396291
15096387
69508797
50772457
68116314
6609265
4039048
52348336
4127418
69479084
69687133
22072153
21906234
67677965
66767142
69615389
22829196
15950087
20667380
4663518
17685876
5867826
69202191
26232197
45829444
5575882
67759940
51686822
56541198
59273375
50256567
75212691
32513687
22181024
66384258
75164862
53015086
72340069
2224660
59400195
66698847
57230782
6152682
21679210
67850666
73573041
69703723
18501478
19684259
19643516
66376265
66914883
501146
22158469
8981853
76720327
45924606
23967372
58459481
8959174
8065402
76998277
22344022
38155177
20768157
5627771
67398601
9033708
17690133
67841236
59139977
5530450
32527320
67369061
17785842
69962829
17648683
71387769
6132529
43383106
69512475
76992457
21720996
587030
57411148
21649460
68239567
37942497
13785587
69831747
5375578
67071007
66973836
45829388
32512961
21341829
26231581
19663098
18991088
6874180
17704112
21812431
18357630
2224159
76403604
65866171
8022978
561414
13795581
19266076
69743932
21363387
24824049
68122713
68016078
21225291
18201820
57299603
17960248
69729962
67622780
67400028
8939866
16789967
67919122
507368
1998673
5283090
24811780
21294388
17977418
16978893
5449042
74570376
22968280
66853548
6603735
71598401
8996458
2297992
21351023
70901815
23515249
71490777
24724899
69235986
3703555
67788604
6110613
32775299
67667227
23007636
73702871
67724527
76951755
38307050
21121315
5422403
24505525
67242588
1917430
66728386
569909
67138913
4712756
32649619
19575411
69284766
586620
58135982
5573597
13828409
69077017
23402964
18102801
67799119
32301863
17228166
45426598
6182504
32526207
5314832
69772574
3513403
69082472
63061961
504177
13784206
501895
22807288
70238654
8077836
65615698
3868909
67508097
22217421
6075188
24610507
69728334
45333755
22743778
27015518
57302960
67635937
32548173
74544695
14724850
5660730
15130863
21805121
13660029
58965149
43616597
66403447
56533457
2458900
23759009
27512596
18326475
14911084
65721417
45829550
72445576
23405398
47218964
4179666
17886206
66183029
66570716
4111271
506354
58166075
5667533
5321483
69719009
18313424
2114887
13871868
4212460
67834519
10338660
5255451
32631783
13864416
19293625
16722979
19354234
4542860
22899189
69431409
22999239
59185317
511875
76765600
75126775
22151794
37794812
6216816
69350089
4217553
24313382
2144467
13745584
66060933
3542920
69638427
65996457
32561805
23308292
32590961
5279332
5265964
22729936
21903191
17988301
75155532
20656560
75035521
21336914
22246291
8018077
68193557
69737364
65334856
510320
515445
6011232
48058667
69669559
6029622
22439161
22436688
74617710
2809750
67024752
67157263
5188952
75140283
27130145
37765758
39367133
69698308
70616307
21581965
21947590
58000931
5611317
4538703
69896110
1921108
32415979
63057654
67510836
515327
508858
21274484
68196503
67324656
3495460
2303326
14911494
67868807
66641167
24986242
15953006
69015449
8939022
21564619
4182281
66608984
19645730
5963563
67743651
20931350
5347005
75147453
68192923
69762216
18631466
18585748
32523363
3329467
69117599
5111537
69202289
66236290
56565933
24337240
22643453
10655604
67304433
2039683
6274090
16003775
562868
9011446
69235460
69213519
13704740
70507272
18928890
4270359
21836829
16966288
18674535
8074790
57541095
21726501
24611776
24915729
2001757
17792860
38114883
6375044
18361964
3712507
68000612
4683333
22420542
66143407
26960506
511003
507560
507685
74115889
66850183
5208739
513426
28635792
19428531
6179634
28594862
15911360
69623173
27428030
2370673
57294881
27306438
59431302
57759508
67221692
21756322
23676897
24612837
59008175
513592
56869022
510770
4017142
6106483
18325135
69772647
23293832
67169640
15127754
57214833
27313051
14187454
32489357
69901566
69857778
48051668
19477152
69774328
24712447
66920553
8878704
22216424
57326656
69588845
515381
66259336
67161086
58981564
5427664
73434107
42467768
67827714
58223978
28610432
1891015
510274
19790758
72347256
21621997
66148069
2406484
5657686
32549182
11571878
74628480
2114893
4117270
65715707
19829104
45831293
5373828
59004210
1888135
69792707
508446
67986444
3370009
2917225
23593147
21616826
21155921
67247011
19639132
5454416
68167905
5378853
68217985
67658040
5993297
65356074
4512919
22928721
6026269
67650597
5323502
19629833
67231685
14736512
508347
67466625
507669
10654910
510993
21412293
51541151
2747056
67383375
76087108
66821208
32753589
32342717
507618
18693101
67522361
67680719
4024852
5802759
69798702
67186437
19316861
52343977
3178285
13910463
14711957
28625041
8824749
568990
5742062
67186061
68247760
67891330
20946581
6600550
27318216
18535209
74954348
14723418
39287184
8301939
67859613
66696770
24986975
2218060
23898983
27275925
71388782
22205369
510660
8897976
69858236
17892548
22898502
5465120
2273050
27395258
10668217
3083767
66378421
509615
18693089
8991486
5143111
68961224
71399376
59277052
17815134
67763310
18222526
20910059
18501633
513604
2634493
65765497
8829378
75200835
5421454
69901692
39300753
8676235
2401177
17624166
32590948
69664957
4657406
58471691
17649996
69198413
513282
69002107
24632412
59267378
69500684
66303819
15963880
18389698
27248010
22013176
22644562
2924137
5579736
5161065
6347076
75105605
507804
69507513
43608110
21040337
507586
2066287
38073859
6088238
57940442
19490564
5467662
69059028
21191341
66186956
14874585
5530562
1960495
513311
8966326
2313145
56869319
4213108
24967431
3215671
5442321
38319002
2715154
59474290
512058
38543600
9266806
68948606
22376293
77298586
3155011
25989371
23461237
509462
3444637
18657509
69927514
65555747
69116618
69641174
1998637
2706379
6022114
32849247
4122063
69936907
74952833
73612904
67545588
24656059
2933764
22701562
5669171
5345925
56637267
13797957
8002840
74608773
8825004
17169769
56826156
563532
66797295
22730634
75624864
8019984
6118651
2745640
19566195
69792345
16002130
24353324
6271139
3664624
67262732
2207077
66795312
76755567
14725330
67857280
66921060
58394253
8673611
3036850
69265178
6374620
4665606
4183681
4211651
9693186
15121804
18276783
10644837
19263719
3488020
74952827
5532708
24636844
32315992
26961290
9967939
67471679
75514403
4172156
52918471
20651627
58385229
32638971
22907221
21068055
516347
22695432
22074620
66064909
23090799
74466238
65729459
51439646
69893276
23064111
23570761
67543123
22740088
67179429
56585097
45306972
24871981
68193162
56540115
22238818
18817503
21254380
23658039
21564455
6438113
65743060
18501602
24085406
32447452
7288959
3286576
58917290
19323582
66771943
18477946
28595206
67352662
73396806
57873035
32590366
536380
19397877
69901042
32653803
21667001
67413918
69471934
48233690
563199
67069243
13835321
10347348
69422570
67909081
67315830
13659940
2692024
27008941
64875378
69822978
18293915
4079377
537708
74987332
70426646
21964771
76818362
24603288
23883922
28425726
57304394
75626805
59037331
5344399
67161528
73030108
1929313
67899512
67470954
19430117
9640750
67741185
27350177
5744644
21617144
72462244
23312888
537432
45823060
69492619
32400641
24804517
24348586
4670174
3706291
27006959
24337002
70767783
14192957
10485111
68048443
69950227
45302006
69421142
65499019
74629974
27162481
20963743
57528427
4065151
67878057
50464594
18679467
66654102
2079781
3444868
13729694
66729896
69144650
65567324
13833031
27469387
4656306
67328817
23606136
57292541
20695730
58871849
15100873
56908050
56711622
17184138
17718371
57171040
53593269
69289633
14848729
5640918
22168276
16971374
69463229
37927886
6011752
8891611
2543668
27472552
9750827
9700584
66421178
4704238
3669292
32383675
22817973
563810
68243400
67990790
66732000
18453707
563754
18673731
4272514
23674414
76850906
5587031
44296871
26230002
66868283
66830928
8901700
22891733
66903623
24038219
5428527
66989927
57802626
57719077
5314401
17206214
6040872
24774916
66724400
2790082
69240204
15862742
2114218
5407330
69203531
17635311
24884227
2633569
57043476
58306203
4122035
21808019
24604901
2901823
19012325
57268434
9679157
66830743
37929291
67729264
18537009
8873954
2695582
18241434
6212044
58604914
13748332
1894462
66065697
6115421
18214249
13898195
5264165
57211723
59137193
21639621
18697612
67482840
59301241
33585892
21259878
67218676
34213778
66453153
8907493
3485383
21240238
24657589
18462746
18611992
9690239
23750378
19301853
19011873
5323363
18383112
23074048
23745775
6256909
56818150
68075750
9690350
3874852
19234720
9664511
54035623
3693172
66412242
9684821
16486940
24641440
65480797
24023391
21109579
72357101
22057739
21618099
5738032
56823356
27405323
6081725
6171381
32333164
32323459
58602421
43682966
56810118
32317305
65316842
66447187
67076930
3358624
2569834
67497745
21073544
3919372
22161154
50431050
5201731
23150584
21747439
23391629
58587157
57880176
6431311
15858523
45333175
57580081
20835356
57585933
67681427
5391706
5702570
4186886
22094637
24335505
21406821
57809766
10552509
18209041
3159769
21808880
4041313
67000127
47219271
16981132
2471410
24053580
23999453
21146336
3117796
21805213
17644528
65644707
585342
21910963
45557713
2566102
22393937
18109776
27135839
2080606
55590110
45595970
26947810
66193547
2118718
585666
66855909
45307665
21132094
17207427
2551438
19685091
50705598
2123371
77367477
18500027
58812235
34295326
67404861
67124230
20774493
45335032
21813531
24288244
35979143
5344227
66091716
5170015
43690255
66488182
23449886
5220916
2569804
21687642
45603200
37755769
19414364
66395172
22163990
58949179
75149008
67621099
67349434
14175267
58053347
17646479
48007274
18630984
58583614
21332939
38083391
20694307
15869525
40199184
5640164
2256103
66746575
38219929
27381620
9483494
9500788
14694943
18382057
21304572
17216127
21364986
2481103
45667566
6066665
44340747
18511805
21610356
8047134
57043881
17839640
12594608
58521190
17199311
20659704
25040668
37766585
5340167
2451391
58591052
17762955
65635065
32454642
67409264
40653001
2500504
56739612
73557646
1893784
8888507
9870428
22271577
57820889
66577774
22061066
21823281
13775329
15129532
67924756
5564222
21224571
21588482
67881458
5361264
8915765
19331173
38212975
58736580
66964902
38082013
21149850
20696349
22722144
8904647
66287782
18435773
22510670
5365685
70554835
27454312
70073441
76849360
66855104
21630092
24092953
24956580
24792439
14175125
21124846
21830666
69343080
71842408
23597930
8070654
32321320
38111937
33588287
69944528
21590818
72331911
66287126
16223407
20915046
11579816
69731518
22071827
59265677
27562532
23348936
58211257
5456110
70581196
62478141
18134322
57716591
23508311
2764612
43986979
4224927
5621952
69723539
56595156
13083853
32526491
8889677
65382908
23378429
32759600
45383107
56562312
5510240
23659014
69420258
21947901
70149770
53944681
4717637
21681550
50768868
59388973
15866512
27516630
23123975
72338275
14168211
67859987
65445056
5457705
8965592
27530780
5661741
27147217
17196900
57847552
66093632
59260756
20696762
21682657
43626760
57278409
69753385
20906046
66748687
66179140
16005351
69711198
66864320
58319334
19660554
21105637
19172699
67263296
51834390
2745868
17685635
44153466
20629194
32448760
6811354
67735240
32413538
5405536
57825016
56831362
38110792
24604877
22313483
57887173
17883285
59244200
66824403
8872425
18610920
5378815
72469033
72469042
2028418
37800676
19809497
9164875
37776859
22459653
22949846
27477912
69893031
23466173
17208658
22117470
5314220
9513186
4716533
4716555
56714223
24716153
65912328
22128834
58794046
77340823
65587422
65655402
32679157
59113485
21741800
69770248
48161532
17892563
32866438
72351120
69005271
24336156
67218324
24861930
23673913
76830488
65697054
43748623
19668341
27547213
10049218
22142519
6454640
65500877
65710140
27306062
66296083
1978822
2137555
26216593
67991222
68009068
19183974
45601626
4009360
6172586
66091559
67583277
23370287
77155754
66649248
69925917
51439548
67196026
69446551
24769297
13933903
27293393
19777644
44232799
19705601
18000483
17956587
69762094
23604211
32362929
5435553
24337930
21598731
558439
73408294
3351859
24947697
21263587
1934521
21741690
19489471
22228019
24769343
65474559
13798450
67993628
6129309
76997449
558440
1975474
69715949
72949612
24644520
17196669
23999462
66461459
26988246
16966061
70820030
17083277
21255593
23524896
5407696
558746
45305441
76756484
24815710
67718533
5414988
69283890
67508310
24632546
20889671
3904720
13663349
20686410
38322851
33507102
5590252
34412599
5302415
58945221
32372878
38070172
77340823
19005505
8018995
24335959
50391898
65487018
9000069
1976023
558805
4283699
65368842
27007939
3004846
21339028
6229033
22163083
8786342
58049161
4509255
19294348
9947539
5316587
7098026
6040379
59200959
1978609
23041478
18987448
20658853
2438560
32867905
19173377
16992145
58223389
18214513
20722660
65724716
22945639
57326173
21734049
75169931
21277269
21053902
5724895
22816265
57287795
67720225
69529654
19482457
3681490
24989507
21620145
32699362
23572292
66281683
5305039
1975387
581096
20672982
19106546
68968009
8958940
14703259
19653717
21809486
44162425
23091037
15876206
65859638
32770794
8862421
76926195
23008551
6378117
21069490
21216339
4123661
69125804
66162808
44388371
77277092
15854505
24724733
5688852
4518090
65930439
3384523
50649242
66142472
69442311
58950052
5298958
16786633
33425774
67573323
63373868
22133439
19652483
24025447
5465937
66598091
16988104
66841930
23122910
57821552
1921744
17716883
3372088
66808245
17515274
68946633
5149396
5428976
23254367
59183769
9445158
45323834
22516265
69102096
20715988
66599401
19154394
57021389
18528744
43883825
3593206
32600611
59388500
4110211
23672015
8743944
18880040
4499484
18610033
5574654
9568291
41486991
5431976
27017245
58580266
57311045
67115543
10360738
44303712
45561798
16797530
23054794
58592519
17256693
58020370
23101326
3646867
13923838
24740647
43574105
57511294
8713642
4521316
69414067
8374613
3882109
63179691
64936978
8715818
57461481
32769252
9540708
59187006
45685426
67831241
50562929
65926477
16971996
21351767
22040899
13711189
6426173
14135550
72364341
69257180
21300847
73586852
18508297
2215042
66840226
22653627
21023219
22891147
14700316
57733844
10639688
57663846
32325075
40432811
65793573
56929874
26994834
69142156
17875788
57196089
13671741
24758121
4722223
18050255
22384290
19582013
21296077
18436124
19364667
10605088
9430745
19817388
8909975
21978901
21685933
43559669
8674677
2968141
559234
66697935
6141129
20941068
43996316
67074964
2571055
22837329
56957085
56906959
17205830
5272877
23680282
32603180
43554791
558409
14911352
18479411
56638038
67576781
58002111
17811365
15038831
67762561
16004186
27109537
56813842
66903565
3651571
5610894
56888182
66907443
2174437
17628617
2173264
8675923
56921760
19649914
2173474
18235732
56982894
21037752
23992463
8060045
56927384
21756183
8018194
5865750
22168406
43684378
6847329
18879250
67111763
13735389
23946021
67584701
17163148
19174784
57237734
6314329
69918810
18767610
17627958
9572148
66786433
27284665
28391280
4703961
3316909
16978774
58368485
67978339
7288402
5536539
9546250
24781453
50381951
40326646
67116403
58658460
21286163
61599818
3539032
4545673
2174560
21968007
18458177
38323962
14749974
58577302
18770096
44183181
22461690
16009920
7997592
17901180
8060222
58211156
69196590
17922926
18013190
14714629
66806308
7316133
21778517
23074746
21059147
67986190
21995623
13771932
22310303
24732159
23101694
23889782
5165365
17172896
59241454
56705710
21365420
5140407
45410080
17163338
8009032
21782096
23163542
18517872
22354016
41084397
21788682
17976935
23995886
52910161
57524961
2454499
58786268
41216644
67159309
4683332
32661515
19617137
66924089
67624636
2175694
19083436
18458176
4270743
24103426
45349697
58587059
8718335
20673453
56732279
67551494
58584051
57785889
45481541
67178817
559590
38157330
9313881
5399618
18213499
13741983
4713198
5585816
67729224
57883394
2415511
19682302
22997103
21310644
5378285
32872404
66493375
5293962
8015468
4704776
581582
21123007
8890257
27229263
57210834
18422303
24892592
581550
4181986
2052472
45587085
14742094
5517371
44352271
5458283
63612756
15112167
6602163
21322004
59269036
7597556
65571183
58587167
21275562
21601154
5592041
56808279
23963699
5645128
40511457
48142652
22673722
18165425
65663792
57304157
59138897
19289731
66578538
5542533
5392148
68980898
8701166
4727487
23923298
8883374
4293240
4126978
22063383
18544578
19144551
18776816
43857237
26980155
19194955
24042057
21900366
19278655
10334377
21794753
19659141
68954557
9859696
58590133
57279370
17843589
5645112
22074440
32580647
22291992
24267317
63736737
9402627
8790331
68938631
14909553
39790308
58591491
14184997
4127051
2993170
41585056
9689433
58661477
45523557
23719674
5234579
32595740
6111717
22931266
5686503
72336232
66528555
23945815
67169401
17184678
20959063
2214985
10373663
20776242
9511775
20637096
58568702
4232941
10334521
58590859
5660238
4286604
19328535
6174557
74600009
24941573
8821245
4517959
17951074
20725111
13678295
38091848
43677540
6007634
43871059
66272812
66840612
4176549
7403478
22081083
9577273
9028086
4552315
6312532
19426925
18660388
4127249
23651550
5512999
21046664
5260769
57823788
17630969
14718868
3226678
18660392
18660390
27547771
32476960
23506648
18188223
22584337
14815696
21738200
22974730
14198185
28614020
10493347
44353912
10493530
45322892
10493739
57836813
65926174
38207351
3323194
2293753
10005587
67994505
23619352
5989165
4696878
23416634
18397496
9930520
15914891
21816400
4183157
4181360
4289499
8685905
22400545
16722187
2307055
16853961
6446175
58440116
58451124
23055615
22182070
8987052
44036852
22914837
5398321
1924240
23142655
5479931
23130319
564440
5249461
32454370
2543836
8995571
24786315
8070789
69556465
5374077
2759512
23962056
2933650
18125844
5484836
17711373
59398505
2441965
10567287
3530665
17872040
3530737
16982411
8692646
13719138
8989258
67690140
67306695
57498386
27302430
13789040
58495720
28297466
16794915
8978854
23107342
67071140
21028044
24834828
3327643
18002575
13883018
18641581
24654848
9451242
18215045
4512399
9276473
8015693
9454277
19687598
5634622
5871335
5710289
5710474
68120083
43822252
20706914
4201751
8908133
18026766
29021957
38110267
59066127
23462790
21556373
8043143
76930105
44148745
44279100
66260795
20634924
68181607
8718834
43989438
5701874
6229306
4102024
4102054
9598209
10524194
10524295
27433485
14707246
17838551
21945005
21112843
23678653
58493180
5537692
6336759
23236609
69785312
18816930
48037313
13807021
4734969
23639043
16402858
37771536
45503750
23981857
20631709
3550000
43652054
16526917
15991164
17615640
57408410
10598759
5426112
4619791
76901734
3712555
21666038
27343298
5529464
2082061
45523727
18142342
38101567
24804485
1949035
44095009
65580334
52759485
567748
21278626
10023187
37952681
19206816
24911815
16790071
74573598
2052961
32874304
21322401
16966357
57533253
18370662
57790321
27287838
48060074
38210499
67927325
27295233
28611559
75088696
67986973
67698019
6015180
22948945
10022814
6440870
8947080
50699029
67733182
22157434
21736378
22650294
1944856
27323532
5421434
59406560
24320084
32657549
48007594
45374035
4562652
56650455
6312616
2837029
23485600
15992364
74030420
2601898
23916023
20929555
17231220
9964319
23476926
8849291
48041162
27452200
8837453
8869891
57314294
13828439
74602524
19645336
19660983
21278642
4191917
67117013
19821598
47217869
32839936
13702166
32343102
3526969
2037889
18118181
18391539
59437606
24353662
18401057
9028634
32607541
21335025
27283507
56985615
19821617
14752359
6227973
5626113
4177265
4221288
2570071
67252719
63061432
66840269
68928614
27284233
27305704
15957992
5869776
22914690
69121224
4293841
2244772
39267733
6377811
67728919
27206457
58928708
17202830
24915975
57523451
22369319
21181506
21299697
18564276
2713255
66408350
21597921
13929007
21785955
21781198
59085768
21283627
21075619
15877901
3519751
2224888
45326706
4221300
24599202
23909097
67823990
17200677
43596139
569726
17988970
57528115
1968526
23245549
13828129
73585700
6181984
17210198
17185501
17658538
13685994
4221282
2095483
4104806
3580561
15094140
69737177
2577571
67657347
568982
22459482
2862823
51438697
3526339
50757125
2360839
18779472
17705134
67865599
22386464
15878075
56627024
21789987
58364306
3323530
14911235
15127408
32503559
5333587
21036560
2771887
24651706
5633156
57498983
57421495
2472823
17677483
17188983
57572064
27272857
40870872
23365214
56823819
20657076
5355205
57563533
56885939
5845578
66456831
23499003
1936363
22817160
18987258
56652573
5624345
19576347
560286
38100956
5411012
23672531
8967858
48125466
17167039
23678241
65762483
66201932
44071593
66192085
24671152
75137307
9395993
21674404
23971061
27406756
8446124
22288506
8961006
18436827
67404616
4503085
21047285
45557214
38062903
70570213
43388611
67328508
67099900
26956447
17201945
21835387
14716230
19075448
45248355
45316680
66422878
57765677
8068159
8853940
8853946
67044280
16797577
8049234
18970364
67362140
21679121
9292852
69799655
72521233
9764100
75103470
2677768
16866476
4116467
4116447
2281837
3549544
65932879
13673043
66992534
22031985
27385808
13808552
23306158
66159244
5310946
32458881
68989761
58191010
20688335
67806160
37792377
17739956
6086078
60065557
33588257
22221522
69424715
22440639
72478629
67409057
17228427
21931211
25041168
48127836
68022017
55787043
21051005
8903038
27199877
21412668
37805177
58205286
67518128
23684295
2903824
76987087
67008566
65847520
9044468
18228129
22730851
68036825
68960808
21640431
6107086
19142274
21051013
66345106
23938316
17689803
38161759
2188744
63178394
32421769
24355801
18204575
19203017
21180840
20843245
23944822
67229584
43594688
75002275
2012329
26952024
22154210
23225307
66700477
58926166
18526591
558003
32454789
10651572
57859411
32509345
27510457
20653323
2346301
21112758
20825981
32677169
17887769
45246181
3640780
8657419
67420524
558027
66852629
58239871
21809672
32507621
67428574
18044134
32779898
22514863
32299954
67934115
13933525
32496573
56617686
2137057
5492539
8039362
33588257
2366917
32588775
22993267
14159738
66941095
19033444
576571
4549780
73566027
67206516
77275077
5462072
24792223
18250060
13717307
576922
68187414
19606170
32425458
24998398
69491780
32561676
52526641
13924201
18143966
22070903
17175211
8037142
24768626
32657295
4680662
59260064
2579131
22884874
16978521
25001074
27022470
75091747
1909930
45355529
25036723
23620711
24032039
22071387
44272323
6335319
38329166
67764398
3547765
56929511
23606656
66791311
57995766
8931044
67184419
4179282
9955836
22575549
37794781
24360546
38338590
65544876
2263822
75092451
22884331
50259377
9961317
1965535
19438200
43559415
18721985
19298614
65312933
69128578
577678
5535523
17867483
58047526
69733207
2032279
69000997
66087460
16004005
23676513
5301775
67730027
21078847
74607378
5526092
24363894
2664376
2369230
66323845
5505057
71388894
2937724
580201
2926327
33586762
2977678
76915238
57235745
67625650
15866445
45338336
21760040
2380774
9353235
24365978
23141649
22015475
17612061
22897617
68053654
59425544
21154434
11564267
75168413
13924375
21086037
12598860
13886262
21530328
2226739
4509583
24353021
2398192
23635463
66277934
56923138
575821
59224981
2949139
13918514
582570
56821335
6139652
69509625
17505903
24999299
3547987
69608041
43819678
10657718
10361638
32465530
6097662
4684993
21135117
69243362
61103953
23745029
19379245
67211146
26211212
44254147
68205113
23701150
47120935
24967217
5401074
5466312
22676153
21408160
68985002
56911725
22987456
22900520
50257068
38313236
9325898
23007794
56848740
5705324
24703657
4709646
44370883
4739262
57481954
43867250
13910124
69861472
2679493
6151476
18083055
24939863
8461850
17457489
5457945
23295076
18091182
5464115
5277651
5624709
18437222
32769485
21059727
66299244
5315398
40073502
20893030
57001370
45600366
19144172
23451490
23441451
18080558
27289448
65693540
32514557
15910084
56925180
19476733
8541157
66111309
22513669
37937324
32340433
38105072
68603131
69638182
66881161
69814133
9602759
2377660
68998571
44247742
58231197
69588002
9039871
3887836
43905041
67938554
27285321
18232449
69347575
21151106
69035160
19144172
6858967
65835293
15964647
2008846
21017285
4699186
3625471
13728658
67863353
8932448
58230201
23289154
19687682
16007500
9625040
8954819
19347900
66658030
24275161
17999301
69176840
9011365
21404394
27150113
66315343
58580872
45623556
13703852
69651560
45642606
19229082
14721995
56702356
9611873
37937637
19108742
67829987
59144069
57759885
3497761
6087534
24607356
6078973
17794055
68062524
14155376
69480813
13861043
5243646
27314904
67020057
65692533
8077346
65724438
4501461
23075554
18177527
69844107
67993595
32398527
66849165
65501085
21376241
15859300
72466572
4290852
69126420
24913507
67544546
24607356
21263392
8074440
3901480
19081309
18773155
23216479
19805979
19267317
5342016
58058594
68964400
26996931
21379543
5450070
66851219
67232082
5151602
20810490
66376047
66472664
6854991
37954061
56738343
59259494
4530874
22157758
5510489
68954068
23122904
27247685
38120787
69495618
72478989
579461
22745450
59209139
22157759
18977639
65501330
66074136
58306847
72341092
22165787
17950906
48233855
8040797
32839495
75666981
10625683
19293756
23542050
558079
59059309
23042499
4269388
4552132
69415240
58302942
18713171
32505933
27297052
8000650
17627162
17843379
73411410
27498731
67506813
32449016
67956507
6336109
5513229
56912766
57157387
17925492
22050016
18179756
8815933
19011818
5535221
66921924
558203
18812966
17839359
15915140
58231709
2598739
24848149
58571884
66261716
4684277
25046335
67206679
23295571
19808980
21148292
23481220
5435338
67558617
19677025
23967420
9039831
20930595
67872035
67073592
21836877
22538188
66543512
5209656
32608179
27297300
24338734
57666122
5147566
58615233
8714432
66251245
4195295
63060933
38111819
23975640
69611259
37770241
4683065
69730290
17901371
17226945
17420145
5992808
2315959
65980060
27538443
2412190
50256089
18560796
10657077
18236404
20684427
19452932
5531820
6059302
2317996
10655660
2757523
76673674
9966838
8011218
58568720
16795558
69508516
4700121
2922211
21053842
8872587
4739948
5495307
68147072
27110580
21805439
4290844
27402911
66606504
19491858
48914971
57802139
4558598
5457154
69685853
24616984
67634627
6133470
18260295
4559289
37945101
69623060
19411156
17820846
18773333
2436583
67650668
69858734
27339568
67656040
5706652
75178553
32461766
76715644
69801854
69650663
5880995
69962112
3039652
72135002
44020780
8109858
5681174
20639283
21048444
4685132
67190061
27375621
45344791
3656050
56944510
15967764
19494313
75202657
1943092
69705904
18773382
73423656
58635306
2135296
3336475
21090546
56801113
18998487
18476414
57494501
22529869
58478090
3903559
66875145
20963952
66882647
68962180
19012398
74623261
73563184
21401046
67647183
69713380
21799089
33577528
68147111
38208269
21594722
8013564
50527807
17919864
57148538
18097087
23685546
17973000
21030300
28536511
19581127
4513394
4274499
2563246
18289293
22871992
22515483
68208755
69660279
43560421
6313863
6812927
24702617
19012123
32777459
2282848
67837183
6191700
38325489
22667999
17926873
10649181
27528197
65796138
24677624
69859757
74623261
68163131
27238279
4057330
28519201
48103088
27374868
4512301
2776612
38129223
557949
57527342
559160
5255731
557953
32757899
16988575
56773723
5102207
76665620
14152648
57428404
16814883
21996249
67101009
59159629
22216002
67958765
56886062
24819814
21375090
18358592
76951117
69267650
1917598
56778000
69268723
6339647
62571252
33505884
2373913
67711304
6260029
22878574
67309058
77016210
69082464
8937725
19431905
58428612
43967004
69721663
66076106
69103166
66051407
5586165
5340742
23884511
66710766
20642425
27316814
19640823
13850575
33508270
45310649
68063809
45261437
5502240
5510873
21287573
32344048
27180526
76260808
13741687
69429367
22220795
3637777
23653806
4679388
19416958
24926453
58219195
21833395
59206325
19206219
5585109
19011909
56578310
72482988
17824255
2511241
17653307
5525209
50341356
23008472
65725247
57389117
22013038
57862041
21643979
23074626
66091314
21757973
41475946
2806372
18239590
5340737
69270965
45611264
6169778
4047742
58912514
2699557
5425461
32334210
67431668
66707146
65709912
38123808
69960012
18269621
45261422
68171505
32773274
18141658
44218084
14729899
24800485
32465574
4198048
48081628
8976301
71020294
68946264
58216071
68928295
48069291
10097858
18328396
67665482
21647498
2956933
5525142
67648253
18365079
59445098
75148522
18636859
9887665
32301165
9881132
66322850
22221366
69837503
5533993
23390751
39022129
45260083
21787948
17171185
2535739
2793880
5524738
59212120
56922629
5493691
70572676
5474892
3690808
63270033
3379804
67313771
66446345
50651512
15085665
38204039
58005038
67871759
6073231
22455762
27237341
44390190
27342752
32479739
18879969
2067517
43806290
44010101
57188115
5525213
5525130
67759723
68076408
32715650
6070868
59092214
24111256
65845852
32339642
22145274
57249579
22010085
24105561
68165235
20714724
23606428
72467952
22730009
22018718
1945753
5400359
57249290
58172296
20649561
48076796
2543698
14188037
6087798
8851250
24826550
33087469
20649193
5584273
5531817
44241780
10625101
21135119
19139751
23908174
22995387
21713699
69077891
48605075
59049092
19176582
23294822
6270309
19408738
23116257
23742054
66854735
2307394
4300682
69500733
48102955
27435113
23735186
59417454
5508623
17191194
5466029
9396617
69255589
15987264
68108173
584233
2452240
5292690
3458848
6131052
38331521
8070426
5703973
21370010
13858094
18184924
57382295
76935898
17201335
70438239
57388182
22209331
69767027
9321638
52351283
58013405
19584470
72355864
24796312
21360812
19468481
5380151
19800383
19204228
14904924
76887574
21180182
67805770
68242162
66258639
23924148
67150319
67053562
22718282
23726632
5258054
21058075
66886050
4120816
19229448
23140609
24916963
27391670
19608880
9576589
3925723
65832074
66727344
56702601
69741453
63233543
5941002
43624826
57478500
6852695
4715125
57202442
56996889
18988200
45381018
44172218
12591544
8724805
59307601
21017325
16787435
45461312
5988181
57275297
67561287
17225954
65790685
43714621
4175983
5939819
68947205
56991901
57169495
4226484
18006725
27024069
24915777
58587177
64457260
22654652
56832940
21017340
9579096
21181177
67204206
17722435
69635749
19822240
23903145
23673993
58499866
17179227
66443086
14892551
66900529
5532362
2404864
56782844
32387510
20832349
13742711
9955735
5426290
66876330
58328801
5334997
558128
66926133
69549430
66501999
24876107
21138319
69665668
69452544
32363976
18595016
1897081
19656716
24035419
6031660
71450452
6856994
4542862
45510279
45255308
59168611
5583042
2305312
67828009
15962048
10466185
19688078
23542960
19136422
69635749
66900523
57420536
4712872
22399768
58963454
73588179
6378203
21403087
20699669
66760998
4542868
4669026
17146273
27292783
66603005
69279047
15992161
3044206
57012998
16965006
32698867
7998773
67608022
57205121
66847769
15860866
23336236
69774286
65385604
10465966
43548969
20722199
24676044
21058764
27155666
66443080
56908684
2478253
21296684
66906519
18622801
4207177
76845581
6338997
13778553
6449776
22007144
58970996
52347150
5410883
57257465
28616653
21017344
17723514
76310133
62987848
8890829
69446257
45396283
5418407
65708358
3887161
45533620
21357275
2465485
4220884
66760118
18660097
9934736
19350983
19828763
22138435
2474773
5423032
37937239
9337184
19012057
19174310
9928640
57857896
48118110
5491401
58586835
6084674
69424664
18093473
67794117
69082703
75180683
16777167
5699565
1883911
24468964
8691716
27307797
5491494
23420254
67404928
67430932
19655621
18001900
66473141
73574020
21354890
68157804
59199447
21983139
37771461
74531388
43740836
66726192
9685915
2089666
67380442
17616829
23481899
62913330
32872426
58404779
23086489
21634044
8844932
65770265
58919930
23345113
32637784
21912587
67411760
56858885
5419938
68998553
67975010
57391536
18582904
69635167
28615747
4050589
23732616
4700008
58404828
18987799
58603921
66929712
56939632
66838207
69119774
27132731
56586472
65610110
58584281
23079568
58404892
45600450
6171310
18369807
9687084
5283149
73216920
4697066
22700395
22073835
5650380
9707771
18184977
66241679
59385652
48149500
13700557
17577219
66378465
28436712
68116437
57296757
8015289
22036803
17646283
43616860
553216
23676773
17165216
58584078
38154621
4712019
4092874
58349360
66895489
66212473
45684854
2987302
14742019
18715285
23380402
8863324
76874320
43626258
9689435
23875558
6599661
67942729
13872053
57811699
23091099
23453165
27271138
68115943
6238670
19186223
14728458
9591259
5729032
18048926
18774856
27479870
22912398
45306831
19236040
6084792
57824262
44092422
15116119
8873411
32470520
22647973
5182565
67009802
21011131
5600558
9337231
21100019
57827479
22456119
19660571
59153201
6445254
5650251
6107938
68039600
6446786
3573952
22905790
6446716
2757604
58133415
27340708
71388792
24506531
27200276
32394452
13915314
6166794
67977628
27035103
8878437
23295390
45388858
69165887
8728995
21937185
67855715
24876513
33591108
5268590
8848356
5863901
58079260
32667311
20786824
5307856
2228266
13712004
16005229
4524555
10632092
12334595
24836566
10661550
3528964
65979159
13676655
58928196
8879222
67903945
67230088
19341330
23752761
5216716
8990569
22661032
8826738
6365495
35858486
57824386
17435849
27306509
8832707
8719494
58580913
5158222
8897678
4230805
70444355
63268854
67282820
70452337
58585690
74632603
8988261
9499402
23231095
67213087
21373514
558361
5218691
22132629
50545718
13913357
2648383
2467462
23655501
17198403
2643484
33596096
21948828
2278708
4057108
3460822
4279692
2975311
27274757
2239216
21105160
8990022
2692045
19489286
4224217
20717059
5175101
2064670
8986799
5104335
9031569
67930748
37794012
67444672
20889873
65492707
67401726
17800271
68039150
8930183
21095999
67202123
59041466
9615051
72339048
67325308
23673132
20706151
69477192
21664569
66566664
6232516
13931778
66130064
57253135
17850790
23994624
50704617
23994724
22150100
17957055
8939656
13886761
15085099
5671582
8989603
67522321
17891321
23067559
24751938
73430206
25031650
10579680
3312319
65738722
62956443
24288780
14417790
8012354
68990477
8996514
44280249
12498679
76670317
23682360
17923999
57013894
21046303
18241646
18217002
18530619
14179653
3334933
54329144
5173283
3262441
67397220
3464806
59121187
67160100
5316714
69697810
66115604
3544945
22404869
58625549
24312773
17655665
19688104
27343424
21076735
21409376
66796799
32854676
10502583
69631191
48158162
23114169
38151380
21013528
19652893
2593702
38151413
38151394
57822965
10502665
23396270
21257158
38151385
10502671
19124770
5206427
56784565
67941549
68961862
19601132
8717142
58569495
75028849
6607557
76940874
26996362
22939546
5371420
19803452
45257000
10502590
60297213
10502415
17827492
18145349
76895694
2021200
18709086
76903444
6109679
13678330
68967790
27462151
3896557
25053778
58998952
24285836
69130756
66732044
24599148
22361369
24093114
14714060
1958065
6216151
21654940
18201731
58665264
19130971
56962242
13936251
43616100
24643444
6813729
23599139
6147821
17182863
18409825
27220980
32504956
2433895
17948447
22385612
69137813
50608104
59072514
22734557
18189313
24958595
66904507
18142419
68023919
56895679
8700566
2844709
13851611
45324854
67764648
73412219
38328923
8031624
8893065
2066974
58900245
67719580
39267098
58277670
21641062
16093205
18554361
69497433
4125242
67835752
18564029
5342617
6442451
1894528
24901498
67620082
6209409
68023899
32308934
5156648
69775641
45649907
69621479
66867905
24998386
69427204
18421190
16112986
48395569
18474371
22828500
67217740
10440769
66282127
27193407
3589462
5323884
58580498
15578073
67473413
24097708
21687494
32515008
57168459
67847529
66788058
32775280
58686711
5992831
2046313
22163742
18550099
48985206
44051851
24399742
69287556
6450168
23656931
15967078
68987631
73502736
17679748
19674653
6571175
19174624
5302496
58591028
59408345
66777849
67652907
57868230
6043465
70624290
67513933
58198707
6148326
8103250
22023802
19660515
14716872
15988803
6042851
6097983
8857284
18032514
6206602
17817070
68946386
75132195
3467290
23873826
57960827
6071847
21226990
20879878
22356963
13916673
23983328
19013941
17994490
16972392
8866237
45325431
14177176
5588802
67955901
18731061
18572972
22046615
56648743
17951291
23901084
8725778
58538588
13672769
5580076
32741475
50668772
6125835
7801786
8724836
23555452
38160117
68983755
67139649
57781429
23072941
8689861
6367092
19164329
21343092
70441046
18438820
27223530
45262367
52343389
21990184
67795635
14754516
50752490
66881410
66131739
48217828
65738277
66659944
13838402
22413085
76412310
22665307
20810585
43949339
5613176
74093927
58585374
69339636
6002562
13673388
21216892
22221108
23418807
23682292
8830407
15969717
23000972
65669534
22177657
69475094
69036247
18111296
17639184
21027713
10350715
21027840
6426104
23938239
50255994
15466102
67400646
2853577
50451476
16192165
6860508
68035096
28522513
19816794
38311163
56921926
59166914
15864176
22164102
58477048
67058103
56970743
8056493
58580918
22688343
11549723
9463104
19708224
25000692
6245220
21141871
21078696
22459263
21740972
23084400
23726290
67775010
66543431
27420419
65847770
19800527
23603412
20670527
5535367
6858819
21974437
76851126
22049522
57391696
15125142
67748915
69489665
32501423
69801445
67439030
76840071
21395504
6107489
23008305
16975173
2325403
24826217
15112656
70103310
67584256
24952322
19663597
48075963
6117385
66954264
57645826
3118600
57556170
22863228
19273608
24959523
5223628
21372947
69236474
77369513
22222253
23023786
5354111
22522584
58311334
20836941
71022964
50299137
15866527
5627169
43812397
13890635
76959263
16966081
18663150
4105884
8837014
66886961
20684876
14159237
57689992
21685923
18552910
5225808
6105733
70441826
6608551
27191532
63051806
57002920
32601461
572828
24008966
21955552
65837962
19490215
76853065
23430187
69840607
24015903
26981988
3381556
24818567
22383522
57187763
67452680
9168893
67325975
22668734
2866579
20651614
27131194
20622393
3689527
3096082
3695890
45555504
8063676
32488131
52347920
19273648
20877366
8968609
5276902
65974577
5529584
72203970
27241752
21049663
27298910
17177970
8855901
76940630
66070550
27191569
4687874
65341892
17181207
76985361
32320260
24014603
2700544
65341834
16963118
37791639
15091791
6256708
22581030
57845534
15855755
67622210
6059421
72447020
66247926
21386492
5370187
32522185
27219113
72465066
11581354
69100424
20662102
66905276
22974830
19324298
23714673
57496784
67094864
48010267
70767877
58272234
1888486
5297200
66731647
15866893
45343620
9163629
24708021
72471456
13816760
2249857
3661075
66768774
69749591
76965404
70763812
66295863
72460043
67809066
6071114
57312414
69092710
22674979
32424636
2857537
19301167
6058630
70607381
8021474
8621200
27143753
76267893
70607381
4717357
21083775
21344375
71420812
52345151
43600561
65700493
4667151
74596285
22236977
57825903
6253967
9000089
6120503
32649181
22176472
21678298
9754774
68963216
67541157
66381273
37298888
17643869
57561454
27349567
69030746
5729028
17783408
18991443
21036436
32842088
20727609
17182276
6145802
5164440
18617118
16417020
22404524
69302242
67517582
14172687
4533635
69300900
23186846
23236480
6071234
22017471
18965702
6212172
68167318
48107284
66256284
9912588
9916614
17767001
44154537
47441821
21775796
69612578
69937047
69839764
70443618
76873702
67063494
3458683
74630621
38152241
22210075
72472478
66829246
70443212
69622377
67835230
57017659
66990867
58270345
5657483
7996266
8843386
8031530
24100175
79431623
3921448
8840271
22911549
69222580
23354496
50708905
43696326
4106795
22447281
24869152
23433307
75100766
15856903
4098422
8028689
8877270
19012107
26232618
75127695
21795737
8293501
8715293
59256928
21626328
9925867
57270375
21320239
6173797
43944137
21553349
5616095
2074009
3585103
38067478
8991617
10629403
3986785
2483002
19773705
43844005
38125648
8881437
5996182
24992254
57480904
9777204
19660916
63163567
69722966
14712159
67237876
9469965
75123596
17871725
69256439
17871721
58332972
67631884
18643373
20745466
19265412
22585518
24799351
17871723
17871724
56801726
21806497
73595549
6426190
10646098
67818517
58406000
13726844
19605071
6258223
13676052
5606740
32510663
67873528
56782984
3368683
5676706
17397470
66805177
13890898
4173919
67643002
9409528
67904388
19468166
13774635
67786016
19012106
18775994
76084852
2311549
23576334
18714648
35838078
18501645
23918826
27515058
58003827
21997884
23509494
65697061
18714667
14195814
22161592
5316805
23996574
43559420
19820396
58568452
18812550
37922889
68143520
6023757
21023025
5248975
23721231
8689643
17152463
65322114
24803741
48650892
6063150
18977175
27021293
5595761
77285068
19106781
18779302
69491918
18953023
18669741
58882525
21978222
4673232
56708315
21352537
3310411
24297792
24330793
19135212
22372101
4701948
25781295
17842868
2773672
43664730
22723291
66711423
9078630
6211803
4127542
18134460
22999642
3429982
2627107
6454925
18129049
67256037
9874710
8010645
22413358
72475435
76729774
15092941
4705734
48986702
18777126
5856549
4765905
58900313
9036805
10604633
6464335
15765184
58584696
13723260
38071318
72332138
19407617
76875375
66861399
21725299
5656312
58585345
45833458
27234631
19576463
4103975
21971474
57236971
5247512
65582079
66674601
21275554
67745528
22076113
6176940
10010824
14836388
66653997
22438385
54022291
5260961
75194222
9355714
9905090
24915432
21124528
6176946
65582665
21990703
10604721
45251234
5206015
66456408
5600674
9649366
5365244
5632114
7999991
66822821
22596716
8881490
45660031
24612664
59299006
18203443
58825208
67845825
18208977
21252668
2813452
66474005
5215902
32453810
5668305
19011893
63265713
5303218
22232939
22815672
3685741
14754147
13696579
69489118
18987811
44273059
58584059
19821916
5678536
5618457
64994380
66554936
22064741
9014013
21019862
39929539
69463412
6128396
75131135
66992916
22960075
21777484
2823856
2823940
67762838
66623556
13717777
4974438
18185458
21252659
22544727
72349927
6173052
66549847
18513596
19661114
6175084
19269802
68983775
5625006
1995271
4678387
8973173
21739419
27132314
67337597
15877619
66879896
3574432
10568282
23885252
8371125
5732986
9806301
32631605
24012599
26945182
19011915
58686019
22433235
24965646
4218030
14712891
67352158
26916302
20775907
22945485
67189415
23108445
19801885
22176537
21798364
17725810
22282543
66125991
66555910
17404777
10004607
2208361
17776589
67430320
3124864
67025731
2026408
45562322
18207927
5243499
67647114
18357488
57851433
21585421
5710122
58665955
6301780
20827715
32397202
21216069
32699363
19660608
66295377
68961736
23578131
16822659
5777693
14178202
65693175
23912532
38150092
2971291
17236333
23661514
3344446
13778565
74194034
19660570
22002742
17236212
4202781
2923318
2228194
23127068
4123927
18229548
18665001
17238759
24504936
8850036
564761
5777552
1916869
27251635
564339
10670169
24304240
45470978
17148679
4719782
3183076
5776787
9444140
5334141
66005877
56920447
20837304
5103697
65371389
21372243
22690643
66259677
67748247
57842172
5774502
24971077
5225861
17977951
18448253
69277550
23214954
69287995
6165681
3714658
21094701
21955587
57705594
5454635
58254243
6069904
10022095
3277255
2849434
14738173
18965620
67069447
6097993
8688354
57017766
8007967
65947801
19181476
5699464
22599384
21728978
18211281
68953951
65879576
8626440
58639058
44332345
65626428
8472411
13723371
74990660
57512356
4526910
27296322
13723372
6441757
17316723
18332365
5291250
13723383
57792290
32649466
67076618
10530881
66973554
17736915
14778406
75151564
8727318
26204866
13762127
9523853
6064245
14197838
19262926
22228427
22990252
21047339
3294283
22436216
59423915
21030715
67643879
32364237
66391961
17705305
57967394
32586416
17636355
22880716
17925510
3711937
14874228
63264497
6039647
59294306
5611269
23752789
5377718
9412924
68050738
57452914
16959344
25271773
2005957
23437592
67743869
21688649
21791752
24642998
66904868
68150444
23603901
43840914
67425969
23904251
5568189
69463625
571166
23428973
2572729
73620882
43910113
2067568
69737091
22586282
66765019
69643183
67255542
20831322
43624002
8825390
67057897
23127475
19698105
2260231
19354196
18720780
65579142
6450641
59438951
22083352
27262813
32596341
15880311
17880012
58382689
67769239
6293040
18360056
5163560
10660058
4014661
52881312
67851683
1922995
17614872
2790490
570517
58197310
4171991
8720384
19475156
23209416
5252011
66305511
6339612
18067394
21758979
77248094
22251157
16158260
5533068
2464993
73573972
5655618
10651507
74628602
4499601
5512957
24318597
21155001
69409436
21367948
13751144
20637250
17805870
69466723
51438550
5643491
10630731
50522577
27425547
45599158
63188254
5329930
43861184
18000209
22891506
10471242
6009383
17781358
23327353
19136624
6376492
68193717
33504536
23927310
24630928
17788439
5231000
10335885
3537586
72470299
18027013
72447322
69146602
22294967
24498231
66823202
5215494
72347699
27219244
5103921
59056623
21621933
6130516
6003611
5329367
6443009
5225884
4125559
3475462
4655343
27467412
16815042
5663304
65786164
19149461
21120668
58603187
6310930
67285157
58631099
27415439
14717996
20879216
19602927
24651897
17695803
5708705
58815427
8892082
67205192
2670403
8716594
58630957
24104564
19229090
75141427
56949067
2656393
57183158
22246159
9432891
9959827
21128671
44100929
20832642
3082435
4725527
8008525
40659658
50288465
16816739
23754726
6292769
48059364
67989942
13674699
18506941
17294157
17928470
66437076
65864765
6856652
66193590
22412548
66437076
14771134
27255013
20936067
74577125
58387716
64409834
19094298
38207186
14153603
22832012
66476517
18328887
38128047
67540479
67499872
5626251
21794504
21900864
39822709
38232067
9912495
4718561
67147770
8910879
57286737
22084438
56803961
8989433
8936441
21739625
4666761
32592013
18440642
6090227
38131590
23011643
24817472
18510837
45324158
8690979
50490491
69152336
66760130
58631888
18719081
56807088
75128775
22417804
19698844
24051107
17148610
23427007
77220223
45327011
66733556
13761770
18655798
8989387
56683218
44282483
1919368
19698843
16815773
5330035
56803178
13910965
6441068
15957712
2121445
68196138
69236810
5330021
5329982
2191369
13676624
68225571
23346931
14180451
13857307
6365827
56888392
19171330
4687928
13711912
24902519
3890047
69425995
8893430
21030548
5485761
69256530
18597549
9386689
70598722
59183463
58587072
69256530
51173869
3192394
18605630
13864124
5402433
18684362
21746553
2075764
6124441
66940408
18679331
8880443
17359441
32653767
23617079
19107094
27473823
8987990
43607634
22019811
16964192
3188701
18312543
65603070
57941783
67329877
14177279
15921304
6451469
66061198
58949172
21046368
21282281
8673077
57015596
45336380
5425821
8316765
22794721
24342134
5431712
21164927
69778777
19601578
65931463
19638951
21713670
44175519
19637824
27161924
19639067
6075563
5497277
57789940
9692096
57294479
23575027
60257261
58580152
8052341
66298328
14717704
73406487
4284062
17983289
1923925
24011533
57909652
10643285
66717666
59398729
24027222
27026916
32874680
41693888
24812261
45517773
24947877
37796679
3460969
45651086
19203498
22792864
24945263
57685549
14175154
58588140
23677830
70098987
21563297
8076518
50578875
8913514
6071917
57297212
9836989
9531110
21307213
32456545
18051108
10514988
24870756
18618819
58360782
48775339
56781168
66927585
38126864
39673666
5566176
32371486
48346249
69323033
69861945
21836767
21697403
22384431
13678601
67429579
2692486
57273242
5328753
5437335
67320395
9751507
22313806
68147900
32707613
48042853
21399472
9773181
10329830
21070674
18817038
23758430
57237586
2975710
66819382
4544779
23575667
58458122
21017660
18813119
21147988
18813931
19361891
67898263
65890655
67874279
66904268
23111486
58892843
18256162
23593755
45588535
68013996
24023500
66485632
5856282
66326347
26974468
66326571
5112260
20634481
5399680
19106054
56806030
8712909
3009025
22068160
5176370
6851899
18233385
67411906
66244162
58887404
59408964
17646715
66531069
74586172
22238833
9642950
20838838
9652567
69285248
21340953
11203282
4299072
22421525
13933738
59408973
65644809
5160762
9437898
21732963
32325402
5718111
44217277
17833746
66334651
6114748
28615750
6301296
59157061
3586474
8703146
17646430
21793066
8912899
5496043
1970626
558622
38155808
4173500
67645800
42023289
75091244
24782860
19645802
32458421
58796387
23920204
24355292
48123194
65780636
27425164
22676531
58576860
23326244
19476141
65804779
27207360
2030275
4207752
22898290
22586143
13921196
22988111
23307908
22874027
24957853
67666874
27254393
23286836
35603004
67907612
27275258
18341060
3698140
22828138
56575029
34233043
20631309
57642948
48232292
65739224
47362585
3226396
2821330
17609139
16982043
569292
19476170
67342602
67542361
23152435
19399590
22912123
21805497
22887355
23021878
67454754
3113455
22887222
23090565
57889005
76840489
24024070
23596412
22887141
9468282
28594156
48110707
5276002
57458980
569523
66961653
5851390
67901263
569433
569518
5480437
51439531
23429860
32855186
9761016
67880580
5421804
21720878
70435398
18143700
21751943
15087311
2318512
4497842
34232239
2318527
22174583
569383
74521809
1970626
22462272
22887046
2353459
45337762
27275972
22679906
2402758
32471239
65619838
19012411
10653995
4231683
59441273
2023543
27289995
2354248
66128441
58486200
66581119
37761336
57900155
26975843
563935
21606447
6241067
569487
4290485
24639527
3669364
23039383
569329
58031162
17689779
23937818
558645
16966807
22813764
32299841
569536
68984055
21627986
5845150
1957441
27436737
18181003
33577191
558612
65632849
569432
67228975
21256285
68997693
6225310
67949213
72449367
4060372
69732064
19476174
3150007
569253
5781163
22815371
566282
19666677
39836005
5264081
38063776
3164035
73502898
2197180
73612254
17174379
9076797
18816378
8700810
5103894
24745849
2511436
66808562
21030917
17788360
35368966
569553
66111862
67210528
32860728
45344714
66970161
57423810
19610392
8972359
21210525
569537
2059345
32519208
8005315
76859217
15841642
18431501
21592323
22312466
18019637
33586279
64184019
585053
56869042
5806244
5293968
50599160
69164116
69181228
22511334
569429
3273265
66146084
5580708
569615
5582415
69559946
5236733
8886580
67919239
2571475
5641785
585091
2781073
58576856
13860373
77002864
5464685
69427151
27339858
48389587
22441808
24292024
4679638
67552280
23995568
6291780
2533780
21135289
21804788
69425810
22520278
69240361
27339827
19302850
71730475
14183684
22412314
5979223
57258381
23903430
18077858
26954652
20927910
5295984
73392115
3096475
3027790
74303702
558251
23656959
13928154
5117212
17831726
32679845
6838086
19825109
14746842
5440677
27546004
67481891
2457502
76759064
56576068
15858346
5445598
14168621
1932709
2966410
19489993
9395844
5620938
77257231
22428539
69792549
57979871
27476791
18996493
5379156
22515277
43603606
57621776
21995010
27422734
67099625
4500366
57411457
67152379
9345412
21380191
2200129
67724358
3459037
24716719
69545305
57545748
20897152
2789449
19826524
27405421
19169931
14184484
3868579
23633492
24728628
5209541
3083383
1931536
38142910
2957173
2973424
15002315
6124428
5598355
9468566
32463187
68166424
72334272
27388422
27306568
66240318
28615991
59075132
18256237
6254576
69237673
67050672
4666178
68160399
19621438
22450168
8891345
17889618
37931811
32463187
65383919
66622196
27286289
23439749
18092689
67666691
22160359
77344313
27452660
21384853
40915470
39463464
3501130
67200834
21682362
27387075
23736100
24725786
22193926
56814275
2310754
16993066
22348864
68929074
67617785
69077273
24877206
32344954
68326277
3588064
32707146
17159575
6862097
18085428
67346286
24620767
67416433
69708208
6389634
58287600
5470713
17147995
1916458
17887966
67753123
74429651
58126807
24929048
66897212
574868
8040973
21011378
8908870
57291633
66546730
6090383
10661216
8905261
579928
17881983
560759
17842933
68240596
69266335
59398697
19271938
45345387
45409627
32636080
27263533
70002982
24668691
575350
32658837
23517671
14734710
69155944
23736977
574925
32858608
27504634
4680942
15131125
3649246
27250575
20944411
6440628
73388274
19011779
8820146
6172640
48367580
22711667
5362812
8885241
58568563
19147453
69687376
19354418
38320033
9309765
59207627
57504207
14694920
4083127
17998663
21303900
3685846
24956723
74552886
19641943
19693448
21656854
22881187
20901060
3480073
48383360
18502338
6806113
67617655
21828260
38330580
69563962
32752940
27419898
19115148
24838208
66481492
27013820
21146552
27548808
65793641
2048491
6806059
20654814
58586982
67784291
3511057
575025
2365336
8979545
24758318
32410477
43603925
2771896
19595558
19372891
5500760
58127305
21383424
57538470
72451605
3127039
59399836
70156819
8857247
21264259
8079076
19611178
21254679
66369092
27529492
21613496
21737683
46497740
19704397
17151178
72162099
3016735
27480879
69526105
2621254
8887796
4675949
21111734
19488610
45438055
32607114
69105250
66713610
24330920
16986122
66970647
15108802
21108521
23317388
69998601
56794553
45442468
43740239
17167369
22023509
5590051
57290734
57275653
60582881
2987152
2623579
5864398
3196291
5595693
3583912
32566673
23173002
75143149
8134398
22834923
18175707
22726623
24994320
20656892
5187655
24814707
4689314
22726880
17803994
22726889
59390980
22510464
32566682
38206209
67275318
15109653
18543787
38121800
66390180
1892986
3524299
67248294
21802813
6056780
17821244
15802744
56533758
19821189
558138
65541325
45302599
23367112
21609081
69419349
23012610
22130116
24631546
43384247
21603189
22919962
15907714
75630530
57167939
58130383
67658710
17999225
23155433
8077610
3541375
8381707
21715009
18530475
17942384
17607443
8851932
4708211
3214927
68189462
19130382
21239779
67036265
23067379
19123833
38307647
22159193
19130391
58906825
28595693
44325165
27226922
24498472
72353798
22756920
32778548
20670088
4293629
17259017
22403002
57580936
43676787
69605213
5705801
25008386
5527973
8923529
32764023
76857135
43947880
22348021
21310272
21339756
6498812
23979559
69924080
5380484
74613166
16992569
59200039
67903643
27109959
65307014
558898
5161977
5268501
8211850
66726839
57871151
66788318
74618403
17801920
76667863
18999775
7343924
4552697
2339380
20718027
4660820
22180257
21690213
19344731
23500738
8784942
6119753
6857158
8637813
558813
21288607
67889170
69670664
25037020
9705830
24971689
8661316
8667071
18276463
8660919
17179569
3890674
8931502
66155659
5816252
45338824
65318181
73416289
77003959
22584346
74634276
21100515
23174233
22184666
18774610
18359534
69269125
6067928
18987403
9923101
75107829
8992115
5449958
2866054
48390582
9838350
76686780
19339085
2151922
67396653
5983854
32476501
14741057
69688562
6128706
5592235
44248579
23065759
79566255
76686780
20686028
74620578
17217422
4548886
56790707
6592409
43980306
4283237
4748224
21654291
22259564
48024207
77250614
58957471
65369140
21681577
27303449
19463883
45321670
6270405
56982486
7371792
8851795
56778660
8830985
45606009
17835368
27230003
70451392
21758729
59161976
69098326
69271988
69067029
73397390
27199826
12597642
56687290
67122289
73563216
15990322
43622051
21749093
57941617
558392
62921104
65387323
6237149
38455789
24332135
4170667
22018111
6102471
22074360
67863026
19426895
6181852
6812751
57570757
56776782
22419799
38215511
69522808
69034753
14688274
67953415
67624082
69893792
17623875
8882886
50615663
3452518
35064252
67419290
69551049
2151124
24794531
5731547
4522863
57524866
48607113
20892218
66934246
8656396
71003908
2151871
69656273
22079971
67021664
57165658
2150455
41396568
21791264
19176643
75140728
15951487
27284323
45559086
15866699
21787493
67403450
58001401
6166595
6245525
19618446
58586784
13713239
21954320
21406387
22455496
27294224
2151910
24662067
558019
18984754
9144105
21210997
2151076
32646411
2148376
18184478
22019638
8881111
19189005
66643624
5255367
8944509
4693124
27012669
58270633
8691098
58674327
75147661
71393129
21678799
3660865
2184361
61209153
19468316
74592028
19676983
24712738
21038576
66418137
6427750
2415955
5605872
5590421
69119527
15119287
69629582
3883273
21030445
32488994
24102108
50716828
5504124
24713005
18145096
32600454
23054897
27350055
66335655
21609102
24923657
16155504
23054897
13864758
73419458
4182090
38223427
6450608
4662040
17721840
57181280
22405068
2096185
22383095
22206330
67649309
24911210
32387839
19012331
24923684
557980
58773414
28617641
2722180
66767051
58241521
14895915
21839197
68229559
19433895
6261927
5395671
15119111
27432405
17204482
57252611
2673967
3692116
69268115
65725408
20693341
3140473
6092528
19661112
68072687
5695851
67279566
15097346
58576940
13842071
48841748
43939700
18749221
18620864
67962115
22154195
3678091
48412558
67422965
6220026
67873866
9352245
11553112
15090232
14157419
67084057
9763750
20679965
4113464
57764780
10579375
22417611
15949461
27438859
32398142
9914086
10347671
24888414
22275683
67402276
24271161
7456131
17211036
10347756
5674812
18549941
44309406
18107046
27017815
19192489
6142456
3596140
9767185
3439648
9763456
67650696
17680883
15952937
5365432
9423703
5643476
58589559
73622692
76738939
27342650
57765564
45340917
68059703
54031140
21591734
57827861
27019000
13756283
17802446
13856036
24363897
22987829
44337467
38690759
19569217
2314048
70763424
2470564
56891280
35928199
44341974
2314081
67916690
6607090
33600339
35929244
45668703
9974779
4718318
66368354
9740221
67098650
67995760
57214645
72065734
16000275
23103906
69583273
4682861
67926103
4270419
5193568
24938565
9744001
10378217
4550896
13675359
18021317
52464527
4183150
3262027
9769964
65433517
18973131
24342723
37394608
67462743
27197118
13364861
23297215
69119538
43874318
21359058
58038918
8696719
45322924
19192448
23740036
3264475
2454472
13672282
20880118
23666859
24667404
67867568
13920310
9650161
19163706
9810888
22965668
24307919
24041434
2779462
5653539
72341824
17816749
8687257
24714668
8253131
2360557
74550696
22453759
21751650
8950963
4219664
66097657
5324071
33573226
6365934
70152575
27421197
45375484
14177495
32405060
14700762
8255156
9824784
14172717
16438304
14170196
57507310
23717956
5357205
19362108
5534412
6104784
69344557
56867906
5207411
44110315
24699814
66974765
68166591
27473027
23498580
7400681
5405119
1951753
58480170
22950768
23427268
67938279
43969984
18330299
13840609
68004734
68004716
19417909
69001076
68004756
44252859
69418801
20956550
43848140
23021882
59167158
76080744
76962040
76892955
17780956
58950679
20697153
73582909
75145900
58645143
18442489
77337926
17636912
13921861
9806060
14694839
23457849
8890276
15000604
21301956
2970985
24635873
5584276
77483680
4084933
18400462
23554603
32478214
9612868
67335881
13724319
21150225
5336416
24286533
28631376
9039812
66867860
18231165
34063178
27416086
27546490
3677965
22107275
66733700
58884565
38549079
20902243
58367661
10641166
65499857
69282712
5582115
38235608
3170176
5363762
65733459
66963011
9782417
69109289
76848050
73408500
8879327
32497606
56804835
8969109
9489268
23002017
14731381
20181584
21216432
5629214
66112044
559477
24306367
14882219
27541347
14661080
24030282
19149330
67412104
18330348
4712309
4170133
6133139
18987401
9656834
5601017
48381530
57486076
2030506
48162163
10451938
5413267
24873401
69877646
69494084
9474540
75129558
9474720
2469766
4539313
23004687
5601625
69608430
58584021
23512436
21343931
48040664
48028257
38067599
6020083
2291608
27167791
21759685
5312781
5147000
58109838
57429807
23454018
37202773
19350920
59236132
23926720
21060403
5474093
22001916
58204051
58261188
22884887
32849006
6177975
5611494
5282059
67762333
66067780
32841446
4719560
8482727
19697630
76336714
32462000
10014180
65872016
22580360
21149536
4204130
3315601
65623464
48678868
65870517
20683265
22145692
4198878
74595995
67443483
15996767
18278518
24789028
37782392
69004034
5653132
18616918
18235692
21976011
3480475
5395245
8459802
5312773
5323125
66387215
16722873
24311615
13834271
33568221
22519988
38163310
2896258
16970110
27249378
11567496
5300811
18135232
75156668
13707333
1965889
18018545
44195667
5639202
50502663
33598853
69767832
21991703
66097283
69725169
13703675
19214974
24702801
32455172
2542441
3291985
5193563
17846088
8780037
19639006
32654376
56920710
21661625
2870710
5323936
16976904
58589830
57033987
2155834
3878596
18256460
32848109
8819324
5355190
38106595
67235368
17147268
24095177
66472861
16962881
2419972
22820610
5388939
3195409
4690067
21107438
66332650
66606110
65134163
18508566
19605608
48110360
6131102
11581706
14185934
24896847
9478049
50672630
21760866
6123492
5666670
13678547
21680278
66663169
2339647
18352340
32405225
18141472
9033256
45514529
44004497
22465162
21037106
573669
69901524
22694869
5658241
66756234
23562796
33587262
15996885
5450393
72338877
573337
59019325
67620309
3925177
13731252
559731
19245449
76941821
68926287
8907157
558785
59002970
67926230
3198412
67570375
57406167
4170471
67251161
50684882
68170590
76526655
22854024
573821
4218346
6129977
21373411
24945141
23178916
67674642
4125844
4671122
2248786
22067102
14167987
17236243
20700781
57200111
32523007
4116100
573473
21037099
65488042
73503567
17191025
56586324
18637902
13766705
10404716
23124982
13702336
65650649
8946085
22884995
5632055
558373
67757963
26995902
21614017
20623142
10655776
564822
57880246
69680512
19689061
48012530
6084793
69262754
2855971
24045284
67606694
69697699
573744
16968437
67193224
32417395
76927386
66848733
19226849
19111368
58744560
66909573
565435
69761989
58980787
564664
6220785
19090654
9912018
20890402
65779865
68047015
24804559
21643206
5985385
67126733
5674688
21046345
32489454
69226981
2047600
24363122
60042734
59270213
43804263
45686636
32648849
66552254
2434126
5610891
27028471
21295809
579698
23947885
68983652
8837294
22411222
22385368
69309423
19423333
21332132
16818988
2363419
4542789
22160428
18501392
21615114
32779696
4221521
6145034
13898355
5293693
2413912
17997879
38153966
75097697
5227196
69949800
69285478
18671638
69107924
17193584
23672523
571510
3191929
68008855
17726866
22514834
67717378
18213479
4694379
5396094
21411422
21563073
5685832
3339436
77456257
57210237
558362
18025635
19828454
573449
67430279
560461
4113420
4512238
5961958
22354354
44055320
57450087
65730036
26204820
8976174
44122174
56994448
27228578
17286191
15872329
6727280
22582246
2409541
5190104
32841379
65613286
10407866
5598056
21030490
4226883
57526592
27128235
58954063
13893525
33507113
32550108
32860317
57824848
22792001
21066672
22933934
5700744
27342751
27150587
66972465
32414591
24729901
19592403
5694244
22229926
68035091
66444145
66972465
23981901
27256154
67679185
16007535
66588372
6203829
23185378
58316501
38217408
6029247
19485359
2071963
65932524
67373416
67936327
58174100
58240724
18816086
76929155
69173142
19660529
24356634
67359010
10409302
21031347
58330417
58695269
9337246
17866738
66903736
5587403
5381543
24761792
5450438
21285468
14883378
5365379
23645603
4232230
21629098
66104929
5744635
9962928
23675657
3544456
67215748
21656877
24796556
5630364
21690688
9948139
33578719
23314823
59407832
67886915
4090564
21916789
19173830
4282106
5594080
3543910
5203868
21690721
5429130
5198911
27472328
5451839
55670887
14700766
15110619
59016005
2339614
76965821
65802650
69283897
20649356
45319479
24076780
21658108
1948981
13779729
10410521
65549589
20905233
5527847
66096528
21755303
76908122
56594521
26914493
27517702
2871979
20635453
70764373
10410371
22050752
5347639
6056730
27500995
69280912
4558279
24790312
5684476
66541409
22549332
17326528
18388070
5709646
5308480
4974422
19402442
19450925
2793139
5371196
26197561
67518395
70097951
67794907
21795687
48068911
67400882
66593483
6136444
66533529
12596965
3879835
66123345
2555611
48068911
16990607
73570401
23041176
75145956
63057838
24870090
19347774
58904372
19231681
23339725
67038440
37790395
10337777
18170868
24286372
10341580
21286778
19265827
5359693
10355433
22986671
67400882
3363847
20679749
58257859
20681384
76661006
9932952
18114381
5378825
5186847
5358144
56689412
5560924
68223691
13794827
66765858
66413812
13908722
24602146
21923444
2317933
5278874
65541155
23652716
63049508
23008624
5205747
22902607
19641018
67687965
65498479
65554580
5563187
23254181
9343941
18771816
8852797
35815140
10401540
4528128
2749807
63563205
23608762
63169536
5229251
9476450
43662367
67400351
10351118
67355771
56794694
67304445
66184154
16954495
66820327
6062161
18973234
24597117
66604671
6015202
10655666
19639923
8993741
21164703
67903319
2277184
13926507
21973326
59714881
13859805
63056245
17779278
4213358
5267953
5984012
5697198
6225626
15127469
6036814
9432444
23906319
5695662
17987175
59074620
8041343
21018525
66232516
5281666
9771132
18541290
5352495
40491690
32595001
38227757
22081114
67588396
23633902
18247888
32329432
69173868
67414103
24869792
18985822
21718924
18474989
59256680
67724253
57671180
67309053
5285540
14713342
3587263
39762619
14193782
77590902
21174398
56931349
56777380
32772868
38071270
77249064
21721490
55603542
15949523
2612695
76410040
4112745
5341445
57295583
4226402
24356999
45298184
22686134
8949524
23366597
21281208
23874003
59428149
66799360
66261813
21165211
18520162
5973008
21375340
3125935
21718813
57860174
14727579
24960474
57858941
17806474
17225040
59415714
5720270
23738576
77260742
38736358
17390724
13808328
57766852
13886984
5258467
56819904
67339046
43887442
23588952
27412292
22731025
67507687
8936225
12591521
18999163
17807146
43693422
33595186
8891057
56896871
22282105
24692087
21020829
32394523
66458069
22390464
18401710
66991433
38151830
59398902
67085330
21793493
43747823
27291385
9404977
27416626
21041505
17688956
19180061
20715762
6189609
59087733
22711740
22661792
18325649
22122569
24784114
19664111
14897142
23613736
67955008
23759530
67342895
6139434
68935079
45354326
67208289
21658669
65766491
65410466
3135940
48115271
17731938
58819559
38118195
66009865
24840922
21294627
67731167
27252030
48096811
57753975
21340689
67093701
69873809
67519213
58686626
20733596
56537688
22429407
27471910
43599391
19345466
24023884
1984216
15994334
37779436
69841377
58696059
32675629
57853682
3900694
8787653
5304176
19687928
69841517
19471300
22160150
9608434
45625100
58002274
66383589
67897415
45364557
65791391
22654476
8925412
5205957
20697666
21150813
3367351
20727201
68935051
22396935
3002908
57570267
17177828
67389173
5408947
4112200
4687267
56539932
2270983
8891261
21669272
68039132
15105259
66247826
57711578
50456755
32632033
17959342
23075884
24040228
20733446
21383719
18641294
70205160
1983730
56893140
10348053
67437069
56955141
3296464
2291080
9612811
5134336
21650956
4289833
5379234
45600556
18716493
67879175
58800742
5352650
5358635
56920918
66729904
6811225
20909906
2429704
24624287
75127823
24312590
23208042
67452075
66185129
14180851
20854178
5595277
6035838
33825126
5198340
2021407
2270911
39664463
17798676
13720360
8870609
21397279
9041877
67054597
57689582
57818856
69741683
6098031
24269242
22432678
13853453
24764611
17323300
58473423
17657320
65554480
21249976
24765439
48293680
21794729
44028023
22358425
21716452
38135710
57441185
56896682
8897252
66424685
21968910
22203442
18543231
57250075
24819026
4182107
22388376
44354733
24818547
5362416
22722913
22145651
50596830
9035899
8714999
32526596
5436131
9947757
77476630
56892599
6131940
9976307
24088068
27195874
23304286
21934186
17488433
24029405
57943711
45829686
13803167
73414082
21944154
67092379
44390087
57041572
2230957
23050927
8919423
6260647
59079522
5200201
32763477
9653148
57008884
22676249
58524404
66800574
18412626
23236692
27480471
19374548
58735024
19645418
58568497
1944955
24934224
66899314
27303118
22447864
24105624
27524335
24765467
2138023
58569191
20907497
4656297
8647923
34073370
2542228
14730913
17208567
26995893
5422372
22083416
17299779
67511651
3576979
43933225
58997726
6131833
2247271
5296099
32484396
20645421
9661920
45329757
8914440
10374537
5623331
67644747
27017285
32085236
18965917
4524014
57747399
67266828
38142571
6100210
5508723
21796036
20639120
22067826
19602373
6137266
21266482
24104665
5186039
43572004
32410610
23239494
22067921
10375659
18507910
10376273
24995094
18207689
22014561
50316160
57234030
21379437
24013509
24038788
18640384
18351172
24626426
8968901
59118699
5392381
79258693
36795502
22331837
27422014
8911840
68083037
48090073
4220254
66583592
44316485
21366004
27552882
17841846
18987368
18258693
18391613
67673620
75090433
76909182
18329150
19751885
16966535
2027257
22019239
45431967
17658042
63061146
27162712
69266213
27033185
65502333
67822782
22230654
21122272
17620751
18275883
18108750
13786315
32331510
17811464
75106160
41064855
22389536
22226346
21122216
13831798
27535066
2664217
70446150
65705680
18250190
41406234
44180866
66625794
17857622
13675149
2707951
23858398
9870025
6219227
10636342
6847379
5162705
21086945
23619237
5139443
20702507
5864466
2487430
5314020
18548001
18177455
17189954
32736451
27282235
65984420
14815791
17195795
18991004
69074622
19620566
5268900
18591484
22040051
69840511
58583518
45619611
58581050
45331308
16969815
19830752
57576056
67935466
3206557
23221724
57485728
8691660
24611839
58007616
65887022
2474413
27491478
13884286
17685620
69295701
21379446
5729501
21683041
67195136
5200777
26914292
562487
57872456
21075706
32300595
2914732
5604674
5294503
67646160
23485052
23569758
65768074
65405264
21249941
27331541
27565285
67466549
562481
27436588
6448554
5492514
22897197
27183121
4619853
23674058
4699471
56825006
8873920
22874709
65886556
17189714
2308093
5540168
5227567
57749561
57746996
66936281
69640609
38114919
16010140
21201594
24310994
5656715
69700199
8727633
67314922
22160471
48158067
24356714
23754704
67155112
6738871
32509245
24676627
76087694
45665078
24824822
65884199
5581135
67819903
32558863
67955189
22177562
8707377
21726738
19012993
8852789
34650622
76726644
4688750
19324715
2492326
56833726
38229068
20691377
18361389
69289014
15103633
65581860
21086118
45593004
22354090
57830268
21747114
562482
47303090
9965275
65669816
4512330
8862720
50253098
2145298
15099236
21976665
22745777
2145289
58590295
67310962
48859891
56821205
22074330
67160499
22443579
59263230
18573067
21564534
18165308
7996479
23641180
6858319
44043222
58723560
67726125
73502645
17789654
57193760
13716143
57244060
18399897
17176981
6853487
58727205
67866645
6123836
33592834
5216674
2289781
17156056
22364838
27474453
3645391
17629295
14730265
67789419
22940686
19654579
2996224
3121645
6238363
65845322
14739016
6174309
8840087
74586149
32589955
45353812
2017273
67310786
27000956
70875112
23635547
2262577
6102394
19425043
67752670
38081937
17722934
5584385
21160547
5654464
8982047
17712035
5263679
3124120
21243097
18219668
57841060
65726551
18987330
69624915
27252121
6099477
9723409
6099465
6174460
21017785
18624478
22238730
8865280
22302936
67310808
58958522
5507389
45317288
6269514
5300447
4122330
5580357
4681316
20636266
15942467
8014854
18612556
23506752
69741757
15124398
5488630
2999011
32368210
22206511
5448788
21306827
4728687
67837530
27414637
58569814
22209077
58570525
67092632
10353930
5537413
18326389
69075460
56982547
66082660
27490135
77277296
45824396
27520746
58641279
4068835
23888322
4686899
23583827
5587000
2706211
8772963
5581192
2706208
2220088
6889100
4691303
3210544
2998924
17170235
7777283
5356808
17187436
8018268
2607526
3902638
8749485
38156868
1942288
8674198
5348836
32341317
8809888
2552776
8795625
19177148
2706205
19027989
8791514
3988708
6439960
18392489
22224774
6448855
21245604
6446615
19027901
7997424
8790199
18388895
5736694
2742211
6224451
5864923
24864944
5547900
5990062
6123937
2674513
8071298
3170554
21768861
24821376
8760305
21906721
6185929
5462966
21400340
6218754
58241525
5444186
37935655
8792667
19286369
32409897
8007580
18164283
2524684
14194732
19028055
8803353
20773282
58745928
43612772
19080651
8755244
2716318
21980838
56527208
8764885
8735729
5586935
6188841
5378273
8751370
3202507
8775940
8747938
57208721
5326071
2967955
6025804
8787497
2433346
14174728
38306421
8766221
5713604
5362724
4676420
15878171
8810725
4748318
6239451
6450016
5862768
8812885
5591717
5420257
17219884
8745601
20883082
19059920
5430065
2534038
8741879
15862644
3319135
5339426
5862101
8781505
19027724
18152075
3929542
4069255
8774540
3123805
6447052
8729604
8797248
8808939
22961965
67285375
8773351
2706226
8766208
8750978
8818489
8751822
8750402
1917190
8748309
2418217
21790627
8796549
6873598
21725444
14178735
8808048
6126203
2706214
2528473
8794331
8756011
8752029
5386571
27006679
8774552
19677448
23820039
8744540
8753476
27252343
2233852
8793734
8807318
18279677
8731584
27332291
4710446
8786068
5648768
17972102
8731459
8801703
6223913
56414748
8730391
19029252
4677447
8769905
19038978
19043058
8798138
8731464
45830099
3465628
66940273
4684485
3665776
45303778
8768298
8774527
8731683
57843432
22227087
12599379
8791843
19016506
8749053
3383017
8784028
55230811
4707025
58194129
19080699
18330219
8772950
57910687
8012717
8757923
8744851
57179670
66718844
22231750
6439421
8752663
19040152
8745519
17933969
23806204
8761633
6102204
23783379
17207956
8733644
19030451
3902443
6220962
8791444
8799127
8793835
8677984
8785101
6189165
8752098
3462124
8725915
23805565
6220947
2929915
8809031
23076708
8774777
17178676
8756235
23828433
21043581
19048227
8809759
19028282
23806100
5433063
19083226
5909686
3138598
69535699
6018352
67614171
2568373
2530228
6444897
8791262
23885092
18697894
3380797
12599244
2841064
585106
2120596
9947720
9073952
67897757
2127976
6608856
27279071
21138773
2395021
558070
22447837
586078
5277130
6130757
1888498
8885103
4178593
4709223
23975904
21004868
1940356
2110891
70599634
32401128
2088655
5484475
585534
1969504
2127667
24861445
2463985
18189875
3395836
559631
2127967
2129302
22149181
3881518
1888420
13781067
3158413
4039333
1941739
2028142
9972309
2118157
557934
2198821
1888477
2237389
3411649
5296971
32563606
1944352
6604724
562245
2691274
14200825
20935019
586276
5346600
3418741
1950367
5282298
1858768
2613193
21654399
558084
3695371
48314767
2975830
21271204
22701047
2623810
2266096
2639731
4739008
4565045
67020428
21383324
2658820
5538180
4565657
2931295
6697276
32647243
13855102
65647838
17177763
4549760
1970590
4552586
2988574
20070048
1892737
2110948
9957959
2052106
69746580
2544841
2613337
2178166
584808
5327023
2179267
3393427
4565916
1939543
8069165
19357906
5589453
2882389
2865637
2883358
3402061
2198737
18260316
2028340
2493685
559308
2613190
5277134
21309165
5251055
2083189
2124817
3117133
4285585
57962892
5596521
17218680
6607092
18070076
5267156
9567183
65446936
69780770
2701030
6607061
3570034
58049428
66061030
3029656
1955875
18388254
2976517
4545493
2473504
5387249
2096554
2625748
2124430
2081731
66914263
2180728
6605548
4185016
5388610
66224604
2988697
17172024
2182951
6606133
18430914
4215868
5475892
13783046
2099710
67277469
4529442
5490338
2859640
586301
585610
2948812
66278160
2096902
1893697
6608670
58539270
5256318
50458336
2001178
4507636
2197831
14898423
2112196
2043874
21409420
2180548
2185615
23118702
6007883
6439143
2179228
2714404
559309
17779336
21269769
3393439
4520189
3100774
6856044
2181271
26994199
2473246
2742976
2180725
23906557
17815382
32759853
18310494
68147453
2434009
2366467
2970259
32425338
58174769
3432778
24920310
69735461
1939537
3398248
57303728
1954873
4214462
3388420
17624433
2091082
57954827
23661966
2360902
22382352
9004581
57299124
76823968
3102484
3394825
18249850
6227514
2419522
68161489
17920342
2663764
2179255
18328655
4699714
57905068
6107725
23251200
5437572
3397087
5516597
4079512
2393356
5721218
3553894
17218995
66897820
8071778
3399415
6126650
22980428
586302
33572815
1884010
19346789
3109594
17888351
5992337
2442010
3413371
67260435
17803152
13798437
15909139
2400976
586274
2673286
22224841
2022889
2375401
21287062
22170285
19350820
13801065
3397768
4540763
69540956
5532627
11553164
6606739
67769690
2120845
57431449
2207974
2793019
21727813
5532668
5272139
2882353
16960238
559630
18250670
3555751
3141817
2861665
67000427
2875621
68923546
2028148
20672637
4506009
2377681
14727109
76814967
4519704
3398785
5347075
22093295
5213976
8863736
6607296
5591957
3399031
2110012
3397156
6607871
2401630
3555748
17679921
18615653
16341325
2442328
6120901
57289892
5186920
2507200
2514910
6604344
3082822
24513603
2081539
76819907
1912510
14202053
4181876
4274578
5492578
2438017
2031487
3556018
585541
68555848
44268427
3394552
6661974
3989170
8902984
2574790
3398191
1930645
13885572
8941470
6604316
2120584
3395053
585621
17211039
6386730
2392084
20811599
4530436
2094538
66948802
3401881
57946996
32305528
3492793
69169937
2449336
16967797
59279764
586279
2907112
6356988
1888318
3276199
3220729
18074955
69585017
17433852
18341690
3500062
18483713
6606438
1927294
2479642
22799789
23901965
2684080
3408598
20892022
3109651
2999080
23189368
583766
2048515
77470966
2666470
48040087
2399959
22180942
2399401
2722531
5719917
583255
13859037
6360825
5536672
5302352
8065198
32479249
17431043
583262
3056764
586221
14898201
4674568
582938
2377354
67055634
15924440
19167621
27386492
584982
17328416
5720446
24021576
584987
5299900
23220409
77346035
23148062
18084159
32631724
2396404
32479243
2371411
22927093
558773
2399404
583614
585149
32479236
1887796
26915896
69251631
77470966
6018884
22037988
1885594
2722507
5390751
559232
50747169
69123959
558348
76930061
2249431
3657253
58239882
68629367
6593432
584818
13916133
5733119
37801329
22666987
69230479
2537821
2399392
583072
583038
67006233
2371414
2373949
5337897
69256689
24756235
2666614
19025119
36894951
24353556
22927182
32479235
2953624
69730271
5221435
2655565
5634670
13787506
583075
1892140
558718
582923
24015070
2722540
586224
3088276
69410230
17500073
69285360
586147
19794735
24795024
5541858
2392555
6594378
4716603
2724373
563402
59179051
7997468
17643249
26974599
69286749
586222
584984
5720394
56826265
5581418
2399956
8690243
2091247
6422758
23881298
20632923
22927219
69233811
1969681
67111711
50297864
2478847
6395146
6827349
32479248
582933
67915879
27131581
69192098
76937455
2386741
584983
9964859
2399932
3631636
32479255
3056767
32659194
5720397
65796547
2799592
582934
66582470
5601811
2722663
2641408
583058
9028575
5547243
2195071
2399398
57663330
2055025
7997302
18445390
23882513
18358788
33714763
8014709
32479254
22456158
22157706
3469222
3660550
5719927
2722708
4210499
583367
67345335
583061
18554622
1885597
583379
68991082
8844256
5722289
2385115
23716446
16986591
6594142
4111841
59407739
5597590
3517606
19708305
14902615
2358943
24757397
4677650
5720403
16799410
16813148
5720427
585084
18993668
8040909
1909510
558210
582992
3186802
587133
3179701
19458938
5269538
2379805
2393671
17168692
584985
2908141
583044
5308016
22926901
1969675
2080966
17611930
22186579
22232543
22544957
1890244
2407117
583252
2399953
13829738
32479239
2466676
18170330
585934
2480098
18605544
58928849
3688288
2472154
1890253
1909501
2756566
3199123
24911753
2722522
1894567
3359386
8659958
22666979
4097168
38122020
21713032
5477621
2393101
13932581
2379814
2418205
5304307
37945753
583388
1909516
17278088
2799595
2721517
2322601
6594164
558677
585684
67572042
24795025
32707433
3156148
19538837
2373943
3462436
17642602
24112711
2721496
2722516
5485759
2055028
32479245
583444
2046424
4656080
5995621
69623452
22718487
43605664
2525131
6124530
32383614
3078916
2379829
585464
17168609
71751320
2722627
6594361
18715949
6594625
2722696
57677362
8023079
59448450
585926
6139496
13802992
2400571
8039846
22384001
4685430
1891906
2392972
2366638
586408
5337203
2884510
3504124
3687421
2638219
18495587
2026414
5298226
21035921
2351875
2890414
4120167
5381060
2579836
3001636
4541117
4208994
70201765
72460784
69478434
16982749
18099578
66410034
13881242
66131706
18769059
19439486
71147829
14183321
69437259
67939626
5177703
17263179
39027927
8910906
22974970
6267878
66100053
50722649
22893646
63060981
3562876
67867381
59409388
2207623
3632476
18355473
68620811
69592448
17706119
57251566
72337080
13862862
4545722
67426352
32514342
67959707
43690612
67846869
21010336
22385492
4131536
56575018
6120456
65752080
65601474
24982159
3216640
57190777
22815103
5408878
2989618
67678054
18019045
17711364
13917270
21560183
572581
44005940
67426372
66415550
4735516
59402600
24714728
69430094
32676657
69428558
6144603
2225245
2438584
567003
44218871
2915863
65322903
2837209
66716264
68182146
32548261
65757294
67301412
5591458
18259383
8957896
59210065
5530487
66675749
68301733
76961410
568193
4669847
21330449
17921269
68938450
56638233
69131868
32476275
56620643
23140122
21564599
5512693
566953
22517297
18478929
76924082
17952020
72338092
57189978
5300492
57340413
67328106
14892848
4117901
33504072
18232899
67957249
69109569
14192315
9296468
3197812
45375770
67339938
19477467
58496614
566889
27183100
69463468
68963789
25039183
56793833
58547062
69151545
58321933
38064118
69937015
9040424
44255412
67121457
69538781
73572915
22921333
45261558
15086187
66257455
21983187
68116128
5859726
58774289
3292861
8930329
567039
19684415
22670611
68186445
67331317
16790853
572579
32633079
9308583
32477346
19476757
35636939
5617750
66377401
76428316
67486321
43605621
5392638
2409343
6170212
57208079
45258314
10668944
20820262
24980203
14906244
2103142
67602522
67413733
6039351
2384776
69572765
23002103
17673963
66720279
66123150
21261320
19495030
5525954
5151979
65694700
1570876
3876439
572623
32447298
8840187
69940768
35251730
65492430
2857768
8711016
38210049
12593903
76765979
6505805
19623024
68989796
21356235
5588830
20834628
2531596
45313933
50397551
13920230
67542758
4502394
14169401
66700341
58906327
67635792
19215003
22063771
21223798
17699440
67252340
33505779
27317513
32388427
2590090
22212024
16985540
57749629
58176085
6121930
4078240
19570549
1928875
38223744
19470905
67096631
5420103
20914854
17616099
17699804
68164757
23542018
20838169
67877147
23327250
21010389
21965218
2749558
66983986
56779563
22150354
6097199
32367524
6229768
22298376
20675395
5994716
22950288
8897905
19211542
21350606
17821220
2576272
5290376
67397326
18027423
5578743
22169613
2317999
66448453
23433824
73596323
68986723
23370956
14895866
4043794
65492430
58994330
24968102
6229993
15995044
69644062
66070840
20651415
32873101
4043797
15855746
32757664
2531593
2242531
4498804
28613977
23450782
69940768
2007955
3556957
8835146
5623432
58543869
4664315
37779064
19226351
58055886
4298721
45254457
585329
13883999
65725068
69336131
9030368
16970265
32597975
9069004
75104148
1929850
58820822
18628417
557747
67800761
21342665
5150532
26208048
8718099
3095935
48443166
5380446
19801228
3376165
3989809
5206724
2788702
1915078
24003001
21290461
17211638
28613909
21809950
32469831
20934417
6163694
19660322
557530
71488736
54384077
5508969
557528
19661088
23928019
22997831
1884181
68964804
21943343
22236006
14200387
66344813
8935730
2955028
57181110
8704047
76982357
5509637
5458092
557529
19449655
8900447
19801229
44223761
6285997
37789493
19141829
65714935
5425799
18387653
19001277
45664644
2570851
20674668
69689000
5480191
3035422
76968218
10420139
20819443
568479
17875201
18628443
6019941
6134721
19444146
8848068
20648067
22896860
22077501
5623367
27500350
69531907
22586052
2386069
32740489
2022799
21948867
37764139
67611852
24069416
6660048
32599490
5623407
65589131
72473620
5480952
24645760
66376612
67770917
19645616
67316141
1917007
67588719
17185369
22368030
3646777
66344910
57790889
23911955
57710938
20922915
22376322
38316082
57795390
4127163
58141849
16483801
73556750
22598499
22349835
16958347
57976955
69254805
5489343
69262012
66840698
15923060
1888933
22487109
67731777
75090912
5510084
70068774
3452236
68188245
32519074
58880498
13736677
557573
17875028
73611791
69501543
565809
22473731
20715835
69279889
66959763
66895605
73611800
76879626
38154265
48062596
2879413
41461625
3189817
557643
58658178
23263494
16981898
19493961
19366990
65891142
17821624
14892507
5625018
32323081
1918153
23435002
21605182
17175760
58540774
4043803
5480183
18681889
18771448
48279416
21942588
21357230
67677325
50648629
6020115
38329558
24680195
66426588
43613848
6033650
17739289
66705366
3158113
19140223
24931390
5314655
58908655
69453624
6063077
13686061
22806487
557566
17791394
3540247
4044898
66653192
19690092
3071788
69845518
8934018
20959627
72344639
5160965
72340477
57358322
3531238
5501910
67223810
4043692
2955034
4668357
23616864
56944934
564169
75105555
2553931
38219712
28410608
3582316
65837458
2687266
69638117
19012429
23941948
19609243
16958348
19151728
22658005
57903864
5423695
8882808
69776644
9081674
26949458
2602378
66692938
8861172
21649765
557527
5509607
11571106
4655847
20975090
5711834
76849195
5508826
8955851
6033590
20623625
76762666
66376347
5508991
45593771
18540929
19662702
56960503
59118699
5392381
69075460
58569814
22209077
58570525
24800866
66284255
37800365
40214245
38150581
13744308
23574203
7983798
18102168
6818466
65852425
21591486
22203499
43977076
21004022
22714485
19076541
9624242
58587252
50617236
26213176
68934642
17738380
26209753
24664905
22455005
4132378
69640693
18365835
67601014
43672279
66592802
37787135
70445987
6302862
68931094
18170540
73502895
68935647
19239071
18283132
22800805
23089934
23229408
4721357
67677203
574174
2337886
23503838
68934515
58000464
69530267
6096091
20637055
18229719
17874848
57089298
6097043
68934497
32849079
57719300
5094807
18261181
19159587
9792674
6175729
6104506
2753857
7297416
2637493
67784844
8044870
3315241
14711900
73506240
8884065
19661410
56821287
6175802
6172949
10611200
6445152
10611638
7998293
6095997
2932957
14694052
32328066
72472282
22222528
57150031
38123990
22251205
8781995
57311856
22331847
23894544
17664076
21964663
57787156
15085750
67763438
4533608
68229484
69230462
23495154
58432942
58694895
22489817
21593896
6121807
21051471
6294173
5604390
18663267
47202282
57275993
17208572
3886918
32346997
21714773
5480138
2051164
22022832
59250856
24924326
6296572
66375343
23225468
32555758
17147172
37789478
3908062
6025019
8848268
23551958
22231234
18070415
14879250
3187786
15876552
5189800
16957480
18524249
79450313
64713116
59273436
24355170
1896943
45398795
2267767
20661544
65446382
65862753
45469457
6328698
22056462
24952824
23594934
13670896
32561624
23555236
59389984
4500983
22516359
45340236
3594124
67312019
23747631
22056634
67342698
7999318
22056466
68038468
56783010
19453372
69131933
65951708
67961252
63253600
45325814
67993542
19152769
23670615
21751449
35492734
17869478
73230244
22056353
67865424
32561434
21314884
45365753
59240573
4284478
57543707
6852327
19411151
22071922
17623328
69686818
27281464
58680695
66446118
66398743
67340707
2045482
68935032
32659525
1941238
32781566
32879416
6695228
3499552
24468135
2120896
69735491
23042153
6423220
73406141
16817050
59071882
59137040
58912830
14715436
69700192
32576133
66685991
26998523
23927294
7997517
65654562
6310666
69922532
73601609
19268762
50731833
58258718
5351521
3714556
8019250
6861012
4101963
24758389
75137363
585702
66427778
2871913
4523448
5376710
23325740
66309872
24595212
4184377
69175810
33574550
540918
27145611
2222050
2556208
19300122
19794810
5563128
67661177
15866268
3465259
68051386
24706896
4269337
4539207
10520438
17657493
15120149
6364599
5345074
2542606
2801086
5640041
18987287
11557406
6849632
73396843
8100170
67444517
23090130
14882897
67306429
2207770
19621341
4283149
67541278
24790975
57238547
563926
65792214
2038003
43591429
18772859
17872658
5261028
32863095
4594553
3624754
65948659
45352187
6427049
24679146
32663082
66204467
67766453
5342349
561509
21595605
68014135
16010227
58239460
24620332
23891348
13721106
22943538
21321129
69486931
67393414
32573228
21561861
5385419
69825728
10520963
48361633
21602680
2784871
27243065
23594875
22185604
19697266
57757625
4706244
32848469
22219745
67052819
17185144
58663371
1918840
23720228
66287627
21216237
24313950
39267692
21973161
15876556
57396787
19204986
17663081
24001416
19453975
63061397
17712903
23603386
24303289
24086701
24022355
5386206
19458397
74614527
23633709
32513155
67626478
21943688
3329947
21786556
69697386
58741745
21341418
58938318
23917013
24321483
32336953
66992472
56983734
20964554
2372872
38051054
3268753
32421574
45609856
65964237
21828884
4018447
5213523
5499056
32336976
5218273
37947150
14715611
66578457
4222926
67896369
66821088
6221991
22071633
5600879
5600000
58481677
5585759
3335356
5590370
2749303
2750860
15960213
2410339
75001929
4594478
51945334
32866911
73398190
32874483
9039838
20780266
76081896
24984731
3335401
19695783
32736173
13680142
21358097
22770772
19589306
11553014
57251877
540910
57757377
73587997
5499439
2518933
13891599
541175
27030490
57272789
66048302
4140498
13861257
2410336
17217191
2489050
21557247
24916460
40026952
5583987
43559399
68054329
24601642
73566423
73425287
19602756
8943387
66365988
65854603
13919535
3270010
21649513
2314429
2599585
74553592
21216202
22894904
69657697
13933332
22941106
27173418
27001588
3550732
67262981
20899581
16721372
43729361
25036971
32550218
18581461
21986765
17685221
35034094
69167107
67719508
21297222
48054283
25009106
21179662
57992572
67345945
59261880
66883626
5187585
57349209
25039442
20716801
21081867
5722632
21685260
66712696
5609188
9172554
22244923
2877808
67654886
22700027
6143937
45443540
68184019
3333673
76087373
19268172
25160782
34021276
23638123
23123814
24796600
24306884
24954916
33560523
25041477
23371248
22436979
4688292
5225778
73426420
57791241
23365173
10515470
22071033
5347370
23366437
6117397
69787458
69799533
44014540
16970628
22733744
73411418
4289019
45325795
1931746
3571222
67830305
50453514
2616694
3679282
22023580
18101235
14899722
5259858
19706813
74553592
2077687
20913044
27381478
66351033
27209073
8688826
15099734
8864368
8007422
67726812
66796037
69949925
23433980
5397663
18009941
32332836
50347126
2869840
27452734
2507455
5604945
22508952
57827882
8838176
19666860
6121963
10933710
57232159
4290951
2538667
10519009
19490839
5186374
67585579
57878996
58268581
21148723
11564292
68226042
2613250
21973155
13929966
21943812
27189169
67412314
23618453
3322921
66320607
72344259
24596561
5204014
23473057
23629368
56888073
2016895
18982237
56784437
3220882
69603877
17095452
4715096
22802895
23880369
65411164
19011034
51920150
21270213
18604417
34007870
23107772
3335419
5592613
18765624
38124118
3368065
23628914
73601540
4620681
2016889
21636634
67966301
65667592
73498431
69678201
69612892
2726599
37941530
20877725
14874334
66104446
23421303
69699544
19263529
21858669
19011895
4552077
24057763
2014834
58586561
72462892
15918708
5353832
58594841
6102134
23681731
19123292
10014986
45334789
10668320
8848152
41523662
4699720
5582055
4137590
24787166
1965178
24025494
66287039
5523803
2227468
2851543
67711779
9944254
18527410
4023649
23189512
9153768
3204820
6248799
19266437
15998774
9030844
32676311
1998178
17731139
22678502
22652382
58582318
63050012
13787781
4066429
5590708
5379261
24977860
6443981
4110853
45337410
58935892
32849956
21838141
67326218
66097081
4292417
19631958
5301194
21927086
3205816
65385280
8042502
65756645
21023191
8063697
5431917
23020019
56888478
37939634
2531947
40758905
67940607
43696405
2800909
67460678
2842153
10518509
20635314
8939011
5722661
8966762
6862104
5275064
18064904
1997455
2775721
2804086
4680640
22143650
6132676
65758135
4183725
57830595
43613840
8895959
8023448
22825969
58297871
67198879
26959420
4680631
24932658
58637100
16283974
5599128
2804140
18108685
23894632
4177257
23981791
4620980
1897015
2474608
23654894
71026734
57820668
22452342
19133979
22922764
9131187
5229500
8717107
4221077
2882596
3055615
21125099
9175187
69558709
18295168
18321369
21151599
67572990
8016885
58006126
23059651
3308635
69222810
17147179
23238865
4529082
8913054
60068370
32860861
21899342
22073611
32558973
32404491
21744712
23090145
18136821
3474394
58776278
2434597
560493
20892985
4529451
20625887
72449006
70766352
22434287
18346302
24981077
8989227
20628465
15987664
19434815
5516272
70000920
58226767
3566824
2824765
58318195
5538409
9247687
21220363
23216404
21352284
8935738
8012533
4688574
24041402
60053106
2808007
6017588
19353257
5644903
67967211
4516842
32675919
2477383
24613539
6017540
68140575
16974913
43836754
20654143
6073589
10491273
66444653
57481338
6454303
44140218
12593944
6065764
23101630
23759606
5609969
2780644
58607516
14156973
5389187
22693783
66175255
22264620
21559428
18324194
15987393
21290742
18613647
58583921
68962360
24771847
4704295
6232127
57696399
57420130
542003
15095948
6024494
71032930
2318266
13818561
65614506
57769868
48030425
542141
38335285
15959072
69119420
9231259
66404743
6017163
58658967
6017469
5590034
17186353
542385
25039879
6270403
9205451
69846285
5920972
58602317
24736589
9206721
17920778
17147278
58456444
58914758
24968499
68957586
8037798
22754501
14699815
8961601
18207228
19586019
23760601
2022373
5637275
57180747
2734360
32742335
562653
27544758
62562667
19587658
2497390
57011705
76924520
76931369
64044524
20945767
21162621
9087754
4705776
73572559
6167149
4101389
5401685
19676260
10624142
8881839
59383987
4684374
9289217
5343638
10624047
9106551
22366508
14185612
15771814
19590726
6095262
22369825
13807923
21301054
57797486
27285562
17796746
69429631
4600889
27522773
10662016
56828541
22743517
21338552
6439447
32705257
69730277
22896540
59161206
69622859
22386986
8904601
21909580
1959388
71449056
44068760
32659207
24648141
21826262
15099728
66011696
32869941
21017057
15868454
66892987
21335894
5644561
2301709
38605156
23140309
2469841
23091172
18280993
14693637
20732477
67160749
15907237
22995413
5384490
18526594
20686226
4170249
23405537
6857325
22656490
23540203
545080
5233159
6437702
27268324
65894236
5150623
23292899
15102988
2249971
27021737
4713518
58122995
5479850
5674451
5523679
3148939
27436816
544147
544297
73555799
18597694
544941
2294134
14892819
24640418
4209613
5701197
32607725
5490266
5524165
67766637
22152867
5292058
17194767
5421304
23060897
6186719
6468387
69518641
11048703
5523572
57159732
6439529
21740432
22445603
10596620
6816662
38131552
57815147
65555254
43917870
58581652
58001622
58589031
23969564
6155632
21369702
68983760
543808
22383140
27205062
24976481
17864578
10345011
17157242
66154345
66015168
68929479
58580575
72541854
33562928
22246103
4680012
43968721
22383465
22637061
35919865
38093136
67741537
56951574
8947015
56989630
59169162
32639591
45270407
67168868
20631718
56898117
68174923
68983760
68155698
8065599
21152216
65720157
544773
10345020
543774
66335515
5272981
8890214
75121203
17944526
22724146
19401406
23204711
57167053
16007031
9122403
67224707
58305589
16721717
2548093
43659937
58591121
5523901
48274781
9112278
17167629
69754982
16986042
4528556
8914548
543766
545150
45277815
544767
5693994
5281843
6269021
5402987
4131004
19492547
21653000
6162585
66767991
19329714
44067064
5995643
544033
10596917
8953570
26209327
17732361
69751782
22152300
20843534
9086114
22183289
4565744
67252433
13871942
5256709
67091693
20955785
6860668
17861072
3500554
67783961
6046452
8241705
66129572
2293879
32393682
67113588
67258175
20623121
21396494
17997962
21338120
23665167
21343893
48157496
20622161
67054751
44076106
22218393
68983909
20622139
69137352
23265151
17829363
24626824
20623027
20623117
69213474
56822711
65952298
14198447
3289681
22914124
19370788
9636040
23751782
5647481
4211785
18623830
58308262
18215530
22410042
57769339
23636648
57626675
32382868
76725449
21791242
38318932
66647913
22935390
67050555
3278131
22789018
20663266
23345961
66970205
5196688
4706392
4064773
22024004
2418046
57743027
515456
13706552
66529337
18237422
9989698
24818052
5895322
50390750
3463942
23639235
2181757
14706512
3076507
514811
2018767
67046892
9989438
67869639
9074512
4538204
18205609
5585384
24641641
57386307
17600510
32470157
10045926
72444064
67240992
17187949
50396417
6072399
9264126
44102709
5637944
66649344
66647414
66538811
20659706
21653005
66794287
23473075
9681047
22201778
19319791
18342965
77285402
5531890
69333872
58059484
68207857
68321234
23108996
74579144
40765745
69077215
57907847
40986812
59264234
68108185
43606816
77498722
45827112
20875873
4075186
20891047
20627351
8819227
22051311
22544005
19265796
23109543
22061244
37790370
5337049
19674865
18336065
77468378
5479926
56930028
67736914
16245886
57510167
65811581
6639600
68072715
76987257
19280266
3690010
5399799
18473933
5398869
21713006
21933595
5478418
17706406
19165401
44369843
5383315
2342695
22968483
9790071
18010377
79212122
19435652
79607174
76888531
67349301
17933401
57580765
9544938
57580671
21748942
22809390
10553875
70440710
77295974
44250220
40649569
21374452
6092660
50502759
19801477
69235586
62491569
22173611
23161179
24492419
50306487
58916544
65580843
57868173
21113442
9608997
18599791
41401812
67470393
10633158
18637290
67771276
67785607
38091804
62918305
5344795
67218811
